2.30696e-01
1.29875e-01
1.05022e-01
9.04519e-02
8.28719e-02
7.73023e-02
7.28934e-02
6.92990e-02
6.61606e-02
6.46559e-02
6.46478e-02
6.23325e-02
6.15450e-02
6.02539e-02
5.88943e-02
5.80065e-02
5.68027e-02
5.60809e-02
5.55172e-02
5.46467e-02
5.37819e-02
5.29501e-02
5.22769e-02
5.23844e-02
5.06713e-02
5.01756e-02
4.97982e-02
4.91406e-02
4.85016e-02
4.81944e-02
4.83954e-02
4.63692e-02
4.66069e-02
4.62447e-02
4.56022e-02
4.57553e-02
4.43727e-02
4.40972e-02
4.37816e-02
4.35895e-02
4.30074e-02
4.32027e-02
4.28921e-02
4.18848e-02
4.20880e-02
4.16142e-02
4.13189e-02
4.07155e-02
4.04082e-02
4.00822e-02
3.99422e-02
4.00153e-02
3.93587e-02
3.90932e-02
3.88621e-02
3.86458e-02
3.83837e-02
3.83418e-02
3.79448e-02
3.84099e-02
3.75974e-02
3.71255e-02
3.73104e-02
3.70931e-02
3.65433e-02
3.66370e-02
3.69316e-02
3.64079e-02
3.61977e-02
3.58989e-02
3.60131e-02
3.57449e-02
3.58658e-02
3.58697e-02
3.52056e-02
3.48788e-02
3.52387e-02
3.47622e-02
3.52033e-02
3.48877e-02
3.48947e-02
3.46179e-02
3.46234e-02
3.43450e-02
3.42507e-02
3.43502e-02
3.40338e-02
3.40209e-02
3.40954e-02
3.41642e-02
3.41092e-02
3.41456e-02
3.38076e-02
3.39036e-02
3.39189e-02
3.39238e-02
3.37144e-02
3.37414e-02
3.37784e-02
3.37076e-02
3.39327e-02
3.37313e-02
3.36821e-02
3.35842e-02
3.39254e-02
3.37837e-02
3.38410e-02
3.37208e-02
3.35130e-02
3.41012e-02
3.39816e-02
3.43173e-02
3.41413e-02
3.39216e-02
3.38523e-02
3.40042e-02
3.42104e-02
3.41929e-02
3.40438e-02
3.40122e-02
3.41923e-02
3.45729e-02
3.42783e-02
3.42191e-02
3.43718e-02
3.46587e-02
3.43189e-02
3.45146e-02
3.42983e-02
3.44116e-02
3.45447e-02
3.49300e-02
3.45144e-02
3.47547e-02
3.46233e-02
3.45150e-02
3.48718e-02
3.52323e-02
3.46241e-02
3.49696e-02
3.47616e-02
3.45343e-02
3.46584e-02
3.52234e-02
3.47995e-02
3.44736e-02
3.51294e-02
3.49415e-02
3.50497e-02
3.47985e-02
3.54558e-02
3.45241e-02
3.52535e-02
3.50165e-02
3.47956e-02
3.49858e-02
3.49652e-02
3.49389e-02
3.47142e-02
3.49898e-02
3.55677e-02
3.46295e-02
3.45585e-02
3.54573e-02
3.50535e-02
3.58654e-02
3.49288e-02
3.53206e-02
3.45319e-02
3.43334e-02
3.47326e-02
3.52449e-02
3.47794e-02
3.47338e-02
3.44293e-02
3.47125e-02
3.42618e-02
3.54124e-02
3.42062e-02
3.46691e-02
3.43772e-02
3.42293e-02
3.46678e-02
3.43465e-02
3.46452e-02
3.42384e-02
3.43769e-02
3.41350e-02
3.42825e-02
3.37171e-02
3.39170e-02
3.44462e-02
3.40883e-02
3.35710e-02
3.37029e-02
3.31854e-02
3.36022e-02
3.32959e-02
3.41397e-02
3.32977e-02
3.32034e-02
3.34825e-02
3.29796e-02
3.29517e-02
3.27765e-02
3.25476e-02
3.23019e-02
3.28777e-02
3.28367e-02
3.24461e-02
3.20736e-02
3.20127e-02
3.20617e-02
3.25747e-02
3.24962e-02
3.16358e-02
3.16341e-02
3.18218e-02
3.12096e-02
3.08575e-02
3.09287e-02
3.15290e-02
3.08241e-02
3.09805e-02
3.03914e-02
3.03971e-02
3.01258e-02
3.02571e-02
3.02164e-02
2.99977e-02
3.00248e-02
2.99938e-02
2.93837e-02
2.94338e-02
2.88788e-02
2.94096e-02
2.92354e-02
2.94414e-02
2.92995e-02
2.88312e-02
2.83599e-02
2.82693e-02
2.83013e-02
2.81284e-02
2.86179e-02
2.78901e-02
2.78636e-02
2.77605e-02
2.76524e-02
2.76743e-02
2.76273e-02
2.73609e-02
2.70043e-02
2.65943e-02
2.67180e-02
2.69594e-02
2.64719e-02
2.61758e-02
2.66518e-02
2.61737e-02
2.60525e-02
2.57513e-02
2.60314e-02
2.57542e-02
2.55161e-02
2.53534e-02
2.54110e-02
2.51415e-02
2.52981e-02
2.50196e-02
2.51396e-02
2.52773e-02
2.46266e-02
2.49221e-02
2.47639e-02
2.46998e-02
2.45529e-02
2.46215e-02
2.44231e-02
2.41373e-02
2.40363e-02
2.40551e-02
2.41131e-02
2.42884e-02
2.39189e-02
2.39948e-02
2.39515e-02
2.39774e-02
2.37708e-02
2.38268e-02
2.38172e-02
2.39219e-02
2.37272e-02
2.38309e-02
2.36423e-02
2.38814e-02
2.35437e-02
2.37034e-02
2.36089e-02
2.34202e-02
2.36520e-02
2.36714e-02
2.34473e-02
2.34820e-02
2.36898e-02
2.37483e-02
2.38437e-02
2.35555e-02
2.39773e-02
2.35450e-02
2.35846e-02
2.37723e-02
2.38450e-02
2.40119e-02
2.38069e-02
2.43038e-02
2.38105e-02
2.39043e-02
2.44207e-02
2.39569e-02
2.41043e-02
2.43735e-02
2.43562e-02
2.42998e-02
2.44421e-02
2.45012e-02
2.44404e-02
2.47755e-02
2.44675e-02
2.47090e-02
2.48568e-02
2.46335e-02
2.47075e-02
2.48935e-02
2.58394e-02
2.53332e-02
2.56021e-02
2.51277e-02
2.51147e-02
2.58497e-02
2.51163e-02
2.55913e-02
2.58264e-02
2.57712e-02
2.56325e-02
2.59088e-02
2.59527e-02
2.61197e-02
2.62023e-02
2.58763e-02
2.64712e-02
2.61327e-02
2.60946e-02
2.60869e-02
2.73266e-02
2.65566e-02
2.67109e-02
2.67076e-02
2.68034e-02
2.72756e-02
2.68957e-02
2.70350e-02
2.72348e-02
2.70529e-02
2.69279e-02
2.75225e-02
2.75752e-02
2.75027e-02
2.78665e-02
2.75765e-02
2.76810e-02
2.77000e-02
2.77665e-02
2.74911e-02
2.75267e-02
2.77850e-02
2.78392e-02
2.84074e-02
2.83224e-02
2.76313e-02
2.78512e-02
2.82611e-02
2.77590e-02
2.74600e-02
2.86174e-02
2.80278e-02
2.78846e-02
2.78424e-02
2.77200e-02
2.79686e-02
2.77603e-02
2.80730e-02
2.83299e-02
2.78032e-02
2.78317e-02
2.79414e-02
2.84157e-02
2.78639e-02
2.78197e-02
2.78165e-02
2.77578e-02
2.79924e-02
2.77418e-02
2.77531e-02
2.76630e-02
2.74151e-02
2.80728e-02
2.72691e-02
2.72170e-02
2.75796e-02
2.73602e-02
2.70136e-02
2.71122e-02
2.74134e-02
2.70452e-02
2.66829e-02
2.67225e-02
2.67189e-02
2.68232e-02
2.68192e-02
2.67912e-02
2.64679e-02
2.66204e-02
2.59441e-02
2.66846e-02
2.59383e-02
2.59119e-02
2.65160e-02
2.56626e-02
2.57015e-02
2.54465e-02
2.56369e-02
2.54446e-02
2.52455e-02
2.53025e-02
2.55887e-02
2.48364e-02
2.48695e-02
2.49239e-02
2.50946e-02
2.49762e-02
2.45372e-02
2.43206e-02
2.39641e-02
2.40813e-02
2.42098e-02
2.39627e-02
2.39251e-02
2.36495e-02
2.38006e-02
2.34614e-02
2.33470e-02
2.34010e-02
2.30774e-02
2.32053e-02
2.28526e-02
2.30989e-02
2.28626e-02
2.26986e-02
2.27332e-02
2.25670e-02
2.24263e-02
2.23342e-02
2.21542e-02
2.23016e-02
2.22511e-02
2.22692e-02
2.19224e-02
2.12548e-02
2.15986e-02
2.16632e-02
2.13943e-02
2.16624e-02
2.14020e-02
2.11991e-02
2.14077e-02
2.11902e-02
2.11412e-02
2.10712e-02
2.09265e-02
2.09628e-02
2.06698e-02
2.07256e-02
2.09080e-02
2.06240e-02
2.07895e-02
2.07038e-02
2.05132e-02
2.03238e-02
2.02650e-02
2.03772e-02
2.03658e-02
2.04541e-02
2.04395e-02
2.02849e-02
2.03203e-02
2.05156e-02
2.03917e-02
2.02409e-02
2.03275e-02
2.02429e-02
2.04421e-02
2.02915e-02
2.03114e-02
2.02506e-02
2.04474e-02
2.03156e-02
2.06302e-02
2.03484e-02
2.03685e-02
2.05968e-02
2.07071e-02
2.05064e-02
2.06451e-02
2.05673e-02
2.07569e-02
2.08028e-02
2.08130e-02
2.07915e-02
2.08870e-02
2.10702e-02
2.07741e-02
2.10824e-02
2.09002e-02
2.10786e-02
2.12755e-02
2.11796e-02
2.11863e-02
2.14645e-02
2.12843e-02
2.15123e-02
2.13783e-02
2.17735e-02
2.13844e-02
2.17896e-02
2.14851e-02
2.18057e-02
2.20559e-02
2.20737e-02
2.20217e-02
2.22282e-02
2.20918e-02
2.21275e-02
2.23951e-02
2.28350e-02
2.27644e-02
2.26952e-02
2.28783e-02
2.27775e-02
2.31025e-02
2.30883e-02
2.40329e-02
2.33832e-02
2.36151e-02
2.37789e-02
2.35084e-02
2.34921e-02
2.42161e-02
2.40350e-02
2.36919e-02
2.40617e-02
2.39300e-02
2.41508e-02
2.41765e-02
2.47520e-02
2.47105e-02
2.41631e-02
2.46208e-02
2.49756e-02
2.47744e-02
2.47288e-02
2.46892e-02
2.55020e-02
2.48795e-02
2.47797e-02
2.48195e-02
2.50201e-02
2.49930e-02
2.49323e-02
2.57010e-02
2.48048e-02
2.55742e-02
2.53002e-02
2.54829e-02
2.55003e-02
2.52584e-02
2.53555e-02
2.53594e-02
2.50772e-02
2.54899e-02
2.52535e-02
2.54061e-02
2.55084e-02
2.56537e-02
2.54481e-02
2.56678e-02
2.52264e-02
2.51614e-02
2.58860e-02
2.53107e-02
2.55472e-02
2.58732e-02
2.48405e-02
2.50869e-02
2.51936e-02
2.51628e-02
2.50938e-02
2.50357e-02
2.48115e-02
2.52996e-02
2.50213e-02
2.51295e-02
2.47689e-02
2.46578e-02
2.44569e-02
2.49836e-02
2.42541e-02
2.47523e-02
2.45747e-02
2.50622e-02
2.43401e-02
2.47798e-02
2.43456e-02
2.44441e-02
2.42021e-02
2.36842e-02
2.38576e-02
2.35659e-02
2.36299e-02
2.35333e-02
2.34954e-02
2.35298e-02
2.29723e-02
2.30929e-02
2.34010e-02
2.31441e-02
2.32500e-02
2.26872e-02
2.25788e-02
2.27438e-02
2.31012e-02
2.22084e-02
2.23476e-02
2.23567e-02
2.23498e-02
2.22492e-02
2.21289e-02
2.19630e-02
2.20867e-02
2.14837e-02
2.18210e-02
2.14389e-02
2.15745e-02
2.14947e-02
2.11485e-02
2.12697e-02
2.09797e-02
2.09158e-02
2.07814e-02
2.06083e-02
2.05417e-02
2.03791e-02
2.01740e-02
2.08966e-02
2.02773e-02
2.03309e-02
2.03510e-02
1.99901e-02
1.99103e-02
1.97864e-02
2.00267e-02
1.98420e-02
1.94554e-02
1.96454e-02
1.95992e-02
1.93749e-02
1.93699e-02
1.94437e-02
1.92290e-02
1.94622e-02
1.90668e-02
1.91544e-02
1.89503e-02
1.89701e-02
1.91604e-02
1.86711e-02
1.89987e-02
1.87437e-02
1.87891e-02
1.84547e-02
1.86353e-02
1.87883e-02
1.86280e-02
1.87038e-02
1.86039e-02
1.86620e-02
1.86809e-02
1.89132e-02
1.85163e-02
1.87403e-02
1.85998e-02
1.86075e-02
1.85200e-02
1.89940e-02
1.86669e-02
1.87056e-02
1.87038e-02
1.87562e-02
1.86620e-02
1.84785e-02
1.86716e-02
1.89936e-02
1.88940e-02
1.87405e-02
1.89566e-02
1.89574e-02
1.89571e-02
1.88708e-02
1.93543e-02
1.91676e-02
1.93314e-02
1.92029e-02
1.91719e-02
1.94821e-02
1.93530e-02
1.94528e-02
1.93299e-02
1.97137e-02
1.96052e-02
1.97367e-02
1.96449e-02
1.98044e-02
1.98455e-02
2.03135e-02
1.98489e-02
2.01979e-02
2.00478e-02
1.99611e-02
2.04021e-02
2.10531e-02
2.06146e-02
2.04954e-02
2.11681e-02
2.09680e-02
2.10273e-02
2.11937e-02
2.16289e-02
2.10236e-02
2.11787e-02
2.12706e-02
2.14544e-02
2.15857e-02
2.15033e-02
2.17557e-02
2.19266e-02
2.18572e-02
2.22469e-02
2.21902e-02
2.23483e-02
2.20685e-02
2.22578e-02
2.22920e-02
2.24199e-02
2.29858e-02
2.31587e-02
2.31179e-02
2.29595e-02
2.27593e-02
2.35008e-02
2.33278e-02
2.29907e-02
2.28704e-02
2.31625e-02
2.35477e-02
2.33559e-02
2.35444e-02
2.39185e-02
2.34929e-02
2.37714e-02
2.41830e-02
2.36063e-02
2.40461e-02
2.42707e-02
2.36927e-02
2.38001e-02
2.39003e-02
2.40447e-02
2.37324e-02
2.36741e-02
2.38202e-02
2.42979e-02
2.41130e-02
2.34968e-02
2.35578e-02
2.36903e-02
2.39740e-02
2.42137e-02
2.37553e-02
2.43176e-02
2.46084e-02
2.36573e-02
2.35617e-02
2.34623e-02
2.40713e-02
2.35694e-02
2.37934e-02
2.37413e-02
2.36460e-02
2.35404e-02
2.38283e-02
2.38637e-02
2.38385e-02
2.36578e-02
2.35635e-02
2.31040e-02
2.36596e-02
2.31694e-02
2.34349e-02
2.30966e-02
2.35270e-02
2.31115e-02
2.28022e-02
2.34047e-02
2.24624e-02
2.26305e-02
2.27808e-02
2.28817e-02
2.26484e-02
2.20109e-02
2.22096e-02
2.23128e-02
2.27344e-02
2.21912e-02
2.24467e-02
2.19087e-02
2.15126e-02
2.17751e-02
2.15459e-02
2.14296e-02
2.17096e-02
2.14190e-02
2.17441e-02
2.11243e-02
2.14014e-02
2.12925e-02
2.08298e-02
2.06229e-02
2.04861e-02
2.02086e-02
2.04689e-02
2.04243e-02
2.00921e-02
2.02774e-02
2.00346e-02
2.00425e-02
1.98876e-02
1.97049e-02
1.97917e-02
1.98515e-02
1.95686e-02
1.92288e-02
1.94678e-02
1.91597e-02
1.93118e-02
1.90816e-02
1.90900e-02
1.89167e-02
1.90474e-02
1.88581e-02
1.88148e-02
1.86987e-02
1.89824e-02
1.84414e-02
1.84851e-02
1.82264e-02
1.87164e-02
1.84666e-02
1.82138e-02
1.80897e-02
1.82565e-02
1.81046e-02
1.81257e-02
1.78833e-02
1.79165e-02
1.78617e-02
1.79583e-02
1.79561e-02
1.78572e-02
1.77374e-02
1.76898e-02
1.75085e-02
1.75113e-02
1.76732e-02
1.77998e-02
1.75613e-02
1.78048e-02
1.76016e-02
1.75249e-02
1.77222e-02
1.76719e-02
1.76174e-02
1.76111e-02
1.75911e-02
1.76981e-02
1.74005e-02
1.75509e-02
1.76730e-02
1.76310e-02
1.76705e-02
1.75877e-02
1.77767e-02
1.75567e-02
1.76801e-02
1.76183e-02
1.77242e-02
1.78558e-02
1.80216e-02
1.77927e-02
1.79052e-02
1.78227e-02
1.79359e-02
1.82433e-02
1.81483e-02
1.82045e-02
1.80115e-02
1.83413e-02
1.82470e-02
1.86335e-02
1.88304e-02
1.87170e-02
1.86226e-02
1.89727e-02
1.87164e-02
1.86648e-02
1.93029e-02
1.92942e-02
1.90416e-02
1.94136e-02
1.91979e-02
1.94414e-02
1.94982e-02
1.95953e-02
1.95987e-02
1.95353e-02
1.98433e-02
1.96293e-02
2.01308e-02
1.98581e-02
2.01885e-02
2.00662e-02
1.99880e-02
2.08272e-02
2.07707e-02
2.10076e-02
2.04417e-02
2.11701e-02
2.08945e-02
2.10336e-02
2.14790e-02
2.10104e-02
2.13960e-02
2.15533e-02
2.15046e-02
2.15087e-02
2.17317e-02
2.17403e-02
2.17379e-02
2.18635e-02
2.14041e-02
2.17594e-02
2.19291e-02
2.19489e-02
2.19548e-02
2.21289e-02
2.18818e-02
2.24792e-02
2.23858e-02
2.22260e-02
2.30517e-02
2.25560e-02
2.26407e-02
2.26827e-02
2.29201e-02
2.30783e-02
2.34013e-02
2.24816e-02
2.28532e-02
2.34013e-02
2.30212e-02
2.27961e-02
2.29653e-02
2.30385e-02
2.25047e-02
2.30949e-02
2.29638e-02
2.32776e-02
2.31954e-02
2.30811e-02
2.27144e-02
2.32168e-02
