2.50280e-01
1.32213e-01
8.98200e-02
7.54068e-02
6.98327e-02
6.73394e-02
6.60549e-02
6.52377e-02
6.45805e-02
6.40667e-02
6.35195e-02
6.29898e-02
6.24791e-02
6.18940e-02
6.13308e-02
6.07202e-02
6.01172e-02
5.95070e-02
5.89069e-02
5.83430e-02
5.77665e-02
5.71075e-02
5.65539e-02
5.60439e-02
5.54621e-02
5.49469e-02
5.44761e-02
5.39516e-02
5.35352e-02
5.30895e-02
5.25466e-02
5.21267e-02
5.17990e-02
5.13142e-02
5.09581e-02
5.06207e-02
5.02136e-02
4.98404e-02
4.95286e-02
4.92102e-02
4.88861e-02
4.86713e-02
4.82181e-02
4.78804e-02
4.76598e-02
4.73525e-02
4.71139e-02
4.68699e-02
4.65953e-02
4.62786e-02
4.61176e-02
4.57740e-02
4.56558e-02
4.53705e-02
4.52113e-02
4.49767e-02
4.47530e-02
4.45971e-02
4.43670e-02
4.43453e-02
4.41610e-02
4.39471e-02
4.37656e-02
4.37383e-02
4.34246e-02
4.32733e-02
4.30989e-02
4.29631e-02
4.28108e-02
4.26772e-02
4.26082e-02
4.25034e-02
4.23660e-02
4.22564e-02
4.21916e-02
4.20514e-02
4.20217e-02
4.20230e-02
4.17932e-02
4.17205e-02
4.16690e-02
4.16014e-02
4.15368e-02
4.14029e-02
4.13622e-02
4.12249e-02
4.12357e-02
4.12079e-02
4.11934e-02
4.11267e-02
4.12326e-02
4.10986e-02
4.10713e-02
4.09990e-02
4.10395e-02
4.10508e-02
4.09852e-02
4.09649e-02
4.08872e-02
4.09243e-02
4.10140e-02
4.10018e-02
4.09654e-02
4.10048e-02
4.10052e-02
4.09696e-02
4.10907e-02
4.09851e-02
4.11526e-02
4.10030e-02
4.09859e-02
4.09829e-02
4.11000e-02
4.10872e-02
4.10913e-02
4.11144e-02
4.11195e-02
4.12500e-02
4.12168e-02
4.11855e-02
4.12791e-02
4.13209e-02
4.13106e-02
4.12455e-02
4.13568e-02
4.13292e-02
4.13751e-02
4.14026e-02
4.14712e-02
4.14006e-02
4.14549e-02
4.15325e-02
4.14329e-02
4.14940e-02
4.14286e-02
4.16206e-02
4.15045e-02
4.16176e-02
4.16225e-02
4.15902e-02
4.15888e-02
4.16497e-02
4.15974e-02
4.16816e-02
4.16666e-02
4.16929e-02
4.18208e-02
4.17585e-02
4.17180e-02
4.19246e-02
4.17748e-02
4.17090e-02
4.18643e-02
4.17722e-02
4.17618e-02
4.17994e-02
4.17993e-02
4.18703e-02
4.18559e-02
4.16934e-02
4.18283e-02
4.17640e-02
4.18729e-02
4.18625e-02
4.18624e-02
4.17159e-02
4.17979e-02
4.18425e-02
4.17758e-02
4.17599e-02
4.17375e-02
4.18192e-02
4.17583e-02
4.18541e-02
4.15953e-02
4.17821e-02
4.18223e-02
4.16832e-02
4.17007e-02
4.15496e-02
4.16357e-02
4.16788e-02
4.15749e-02
4.16646e-02
4.15176e-02
4.14621e-02
4.13792e-02
4.13581e-02
4.13264e-02
4.11875e-02
4.14950e-02
4.11174e-02
4.12797e-02
4.11368e-02
4.10681e-02
4.10471e-02
4.08866e-02
4.10391e-02
4.09684e-02
4.07856e-02
4.07152e-02
4.07122e-02
4.05848e-02
4.04871e-02
4.05726e-02
4.03774e-02
4.02088e-02
4.04031e-02
3.99826e-02
4.01484e-02
4.00251e-02
3.99257e-02
3.98430e-02
3.96845e-02
3.97068e-02
3.96255e-02
3.95641e-02
3.93324e-02
3.93274e-02
3.93220e-02
3.90869e-02
3.91422e-02
3.89500e-02
3.89309e-02
3.88943e-02
3.86544e-02
3.85233e-02
3.85843e-02
3.85216e-02
3.84368e-02
3.81165e-02
3.81219e-02
3.79627e-02
3.79049e-02
3.77359e-02
3.77957e-02
3.77435e-02
3.74361e-02
3.72932e-02
3.72099e-02
3.71178e-02
3.70322e-02
3.67761e-02
3.68087e-02
3.69764e-02
3.65221e-02
3.64744e-02
3.63256e-02
3.61180e-02
3.63194e-02
3.58877e-02
3.60079e-02
3.57917e-02
3.56772e-02
3.53546e-02
3.53901e-02
3.53594e-02
3.53875e-02
3.53461e-02
3.51331e-02
3.49552e-02
3.50611e-02
3.48122e-02
3.47317e-02
3.47719e-02
3.45407e-02
3.44789e-02
3.45407e-02
3.43706e-02
3.42621e-02
3.41890e-02
3.39567e-02
3.41247e-02
3.37763e-02
3.37964e-02
3.39519e-02
3.39080e-02
3.36850e-02
3.37437e-02
3.34917e-02
3.36142e-02
3.34144e-02
3.33773e-02
3.34704e-02
3.33601e-02
3.32572e-02
3.32311e-02
3.32334e-02
3.32720e-02
3.30988e-02
3.32992e-02
3.31310e-02
3.29517e-02
3.31705e-02
3.31324e-02
3.30296e-02
3.29087e-02
3.30012e-02
3.30648e-02
3.29176e-02
3.29761e-02
3.29107e-02
3.28599e-02
3.29832e-02
3.31411e-02
3.29956e-02
3.32386e-02
3.31500e-02
3.31011e-02
3.32010e-02
3.30969e-02
3.30801e-02
3.31150e-02
3.33195e-02
3.31193e-02
3.33099e-02
3.34066e-02
3.32590e-02
3.33323e-02
3.31914e-02
3.33543e-02
3.33765e-02
3.33560e-02
3.35533e-02
3.34915e-02
3.37729e-02
3.37675e-02
3.37328e-02
3.37211e-02
3.38417e-02
3.39435e-02
3.39051e-02
3.40233e-02
3.42825e-02
3.42148e-02
3.43506e-02
3.44612e-02
3.44330e-02
3.44322e-02
3.45674e-02
3.47972e-02
3.45439e-02
3.47058e-02
3.47026e-02
3.48409e-02
3.49155e-02
3.50820e-02
3.50458e-02
3.52921e-02
3.52976e-02
3.50689e-02
3.52153e-02
3.53867e-02
3.55814e-02
3.56371e-02
3.54106e-02
3.57336e-02
3.58423e-02
3.56536e-02
3.58859e-02
3.61591e-02
3.61347e-02
3.62892e-02
3.61463e-02
3.63816e-02
3.64722e-02
3.64833e-02
3.63215e-02
3.62112e-02
3.64221e-02
3.65207e-02
3.65801e-02
3.64966e-02
3.65633e-02
3.66794e-02
3.68359e-02
3.68500e-02
3.67755e-02
3.67928e-02
3.68691e-02
3.68258e-02
3.70875e-02
3.67429e-02
3.68360e-02
3.68660e-02
3.68548e-02
3.68594e-02
3.68656e-02
3.72118e-02
3.70740e-02
3.69722e-02
3.67744e-02
3.71654e-02
3.68091e-02
3.69263e-02
3.70897e-02
3.70187e-02
3.69254e-02
3.69159e-02
3.69347e-02
3.68170e-02
3.66521e-02
3.67369e-02
3.66867e-02
3.67035e-02
3.66894e-02
3.68710e-02
3.66269e-02
3.64665e-02
3.63842e-02
3.63741e-02
3.65206e-02
3.64719e-02
3.64084e-02
3.64432e-02
3.62233e-02
3.62357e-02
3.59993e-02
3.60966e-02
3.63195e-02
3.60883e-02
3.59187e-02
3.56607e-02
3.56375e-02
3.55614e-02
3.53654e-02
3.55198e-02
3.53390e-02
3.54148e-02
3.51853e-02
3.52610e-02
3.51222e-02
3.49066e-02
3.48745e-02
3.46258e-02
3.46657e-02
3.45432e-02
3.46467e-02
3.44672e-02
3.44034e-02
3.42291e-02
3.42454e-02
3.41350e-02
3.40489e-02
3.38782e-02
3.36733e-02
3.35644e-02
3.38160e-02
3.34238e-02
3.33890e-02
3.33475e-02
3.32324e-02
3.32416e-02
3.31142e-02
3.29016e-02
3.27398e-02
3.31513e-02
3.27585e-02
3.24314e-02
3.24560e-02
3.24497e-02
3.21062e-02
3.24723e-02
3.20970e-02
3.20093e-02
3.18468e-02
3.19324e-02
3.18250e-02
3.16493e-02
3.17865e-02
3.15312e-02
3.15343e-02
3.15443e-02
3.12701e-02
3.13494e-02
3.12046e-02
3.13176e-02
3.11811e-02
3.10639e-02
3.11640e-02
3.09641e-02
3.09595e-02
3.09865e-02
3.08817e-02
3.08133e-02
3.07511e-02
3.07642e-02
3.07954e-02
3.07110e-02
3.06473e-02
3.05108e-02
3.06551e-02
3.05171e-02
3.05507e-02
3.05738e-02
3.05450e-02
3.05307e-02
3.05786e-02
3.05160e-02
3.06567e-02
3.05351e-02
3.05039e-02
3.05445e-02
3.05723e-02
3.04753e-02
3.04733e-02
3.06400e-02
3.06897e-02
3.07600e-02
3.04748e-02
3.06585e-02
3.04774e-02
3.08057e-02
3.06781e-02
3.07534e-02
3.09103e-02
3.07784e-02
3.07580e-02
3.10866e-02
3.09071e-02
3.11435e-02
3.09892e-02
3.09892e-02
3.12113e-02
3.12107e-02
3.13664e-02
3.14188e-02
3.10714e-02
3.13185e-02
3.13980e-02
3.15027e-02
3.15901e-02
3.14585e-02
3.18146e-02
3.17647e-02
3.18197e-02
3.19337e-02
3.19053e-02
3.18198e-02
3.23363e-02
3.22121e-02
3.22135e-02
3.22498e-02
3.23676e-02
3.25887e-02
3.26412e-02
3.27106e-02
3.28619e-02
3.28594e-02
3.28873e-02
3.29265e-02
3.32266e-02
3.32107e-02
3.32590e-02
3.34227e-02
3.34329e-02
3.35127e-02
3.37119e-02
3.36451e-02
3.34923e-02
3.37929e-02
3.38522e-02
3.38622e-02
3.38699e-02
3.38189e-02
3.40339e-02
3.40930e-02
3.42321e-02
3.41980e-02
3.43553e-02
3.45370e-02
3.45513e-02
3.47178e-02
3.45614e-02
3.44978e-02
3.45783e-02
3.46279e-02
3.46368e-02
3.46634e-02
3.48533e-02
3.51050e-02
3.47525e-02
3.48481e-02
3.48643e-02
3.48994e-02
3.50313e-02
3.50065e-02
3.50319e-02
3.50067e-02
3.50564e-02
3.51496e-02
3.50574e-02
3.53379e-02
3.51032e-02
3.51762e-02
3.51015e-02
3.53021e-02
3.50174e-02
3.49510e-02
3.48617e-02
3.49443e-02
3.49234e-02
3.50634e-02
3.48782e-02
3.50345e-02
3.51459e-02
3.47722e-02
3.47877e-02
3.47347e-02
3.47548e-02
3.45716e-02
3.46878e-02
3.46243e-02
3.46637e-02
3.44482e-02
3.45306e-02
3.44948e-02
3.43717e-02
3.42979e-02
3.42766e-02
3.43007e-02
3.41803e-02
3.40571e-02
3.40983e-02
3.42108e-02
3.38942e-02
3.36710e-02
3.38142e-02
3.35663e-02
3.35627e-02
3.34140e-02
3.36209e-02
3.32883e-02
3.32715e-02
3.32901e-02
3.33005e-02
3.30954e-02
3.33112e-02
3.29971e-02
3.26370e-02
3.25234e-02
3.26652e-02
3.22928e-02
3.22924e-02
3.23144e-02
3.23521e-02
3.23624e-02
3.20912e-02
3.18698e-02
3.18117e-02
3.17576e-02
3.16603e-02
3.15188e-02
3.15881e-02
3.16935e-02
3.13499e-02
3.11325e-02
3.11088e-02
3.10296e-02
3.08450e-02
3.09465e-02
3.07823e-02
3.06506e-02
3.05598e-02
3.04586e-02
3.06823e-02
3.05730e-02
3.03616e-02
3.02210e-02
3.02757e-02
3.01175e-02
2.99245e-02
2.99474e-02
2.98691e-02
2.97736e-02
2.97624e-02
2.96833e-02
2.96304e-02
2.98235e-02
2.95714e-02
2.96948e-02
2.93809e-02
2.95701e-02
2.94722e-02
2.93818e-02
2.94460e-02
2.93711e-02
2.94024e-02
2.93781e-02
2.92615e-02
2.91249e-02
2.93660e-02
2.92301e-02
2.92027e-02
2.91010e-02
2.91383e-02
2.90269e-02
2.90404e-02
2.89378e-02
2.90601e-02
2.90043e-02
2.90942e-02
2.91356e-02
2.90928e-02
2.90415e-02
2.92108e-02
2.91175e-02
2.90573e-02
2.90488e-02
2.91587e-02
2.91766e-02
2.92412e-02
2.92578e-02
2.92350e-02
2.92999e-02
2.93188e-02
2.93025e-02
2.93532e-02
2.93543e-02
2.94860e-02
2.94371e-02
2.96005e-02
2.98547e-02
2.95875e-02
2.94057e-02
2.96336e-02
2.99175e-02
2.99448e-02
2.99453e-02
2.98640e-02
2.99883e-02
2.99761e-02
3.02228e-02
3.02118e-02
3.02939e-02
3.07038e-02
3.04256e-02
3.07081e-02
3.06221e-02
3.06999e-02
3.07765e-02
3.08071e-02
3.07542e-02
3.09380e-02
3.09698e-02
3.10402e-02
3.11537e-02
3.11750e-02
3.13197e-02
3.16273e-02
3.16810e-02
3.19939e-02
3.17976e-02
3.19529e-02
3.19965e-02
3.20115e-02
3.21108e-02
3.22350e-02
3.21696e-02
3.25432e-02
3.22420e-02
3.23454e-02
3.25566e-02
3.25726e-02
3.25469e-02
3.27718e-02
3.27059e-02
3.27266e-02
3.26775e-02
3.29727e-02
3.31360e-02
3.30665e-02
3.31052e-02
3.32246e-02
3.31483e-02
3.32315e-02
3.32722e-02
3.31127e-02
3.31346e-02
3.34554e-02
3.33567e-02
3.37645e-02
3.35962e-02
3.36427e-02
3.35818e-02
3.37314e-02
3.35329e-02
3.37739e-02
3.37459e-02
3.37497e-02
3.35726e-02
3.40317e-02
3.38324e-02
3.37198e-02
3.39795e-02
3.40043e-02
3.39286e-02
3.37289e-02
3.38532e-02
3.38091e-02
3.39837e-02
3.37192e-02
3.36186e-02
3.37824e-02
3.35599e-02
3.37070e-02
3.36388e-02
3.36107e-02
3.37591e-02
3.34960e-02
3.35441e-02
3.33132e-02
3.33006e-02
3.33843e-02
3.32786e-02
3.31296e-02
3.32835e-02
3.31827e-02
3.31469e-02
3.33329e-02
3.31151e-02
3.28193e-02
3.28573e-02
3.27209e-02
3.27121e-02
3.25653e-02
3.27865e-02
3.24759e-02
3.23366e-02
3.25008e-02
3.23445e-02
3.24278e-02
3.21553e-02
3.22209e-02
3.21593e-02
3.18559e-02
3.17200e-02
3.16454e-02
3.16264e-02
3.15405e-02
3.13259e-02
3.14628e-02
3.10751e-02
3.12683e-02
3.11675e-02
3.10051e-02
3.08805e-02
3.06451e-02
3.05722e-02
3.06759e-02
3.07525e-02
3.04048e-02
3.03405e-02
3.02045e-02
3.02251e-02
3.01261e-02
2.99373e-02
2.98907e-02
2.97906e-02
2.99823e-02
2.98714e-02
2.95950e-02
2.94344e-02
2.96116e-02
2.93532e-02
2.94410e-02
2.92461e-02
2.91999e-02
2.90926e-02
2.89723e-02
2.88938e-02
2.90574e-02
2.87964e-02
2.85975e-02
2.88156e-02
2.88399e-02
2.86512e-02
2.87722e-02
2.84231e-02
2.85701e-02
2.84812e-02
2.84487e-02
2.83782e-02
2.85294e-02
2.83520e-02
2.80734e-02
2.82969e-02
2.79827e-02
2.81679e-02
2.83566e-02
2.83131e-02
2.81705e-02
2.81289e-02
2.79440e-02
2.80576e-02
2.79418e-02
2.79729e-02
2.79497e-02
2.79943e-02
2.78043e-02
2.81194e-02
2.78814e-02
2.81193e-02
2.82334e-02
2.80872e-02
2.80666e-02
2.79215e-02
2.79544e-02
2.80162e-02
2.79700e-02
2.78744e-02
2.81718e-02
2.81962e-02
2.82038e-02
2.81068e-02
2.81655e-02
2.83049e-02
2.82329e-02
2.82340e-02
2.83363e-02
2.84957e-02
2.83443e-02
2.85364e-02
2.84688e-02
2.88535e-02
2.86908e-02
2.86613e-02
2.87713e-02
2.87480e-02
2.87709e-02
2.88358e-02
2.90497e-02
2.91125e-02
2.91295e-02
2.93363e-02
2.93471e-02
2.92252e-02
2.94333e-02
2.94552e-02
2.94045e-02
2.94826e-02
2.96650e-02
3.01263e-02
3.00063e-02
2.99633e-02
2.97902e-02
3.00659e-02
2.99361e-02
3.02785e-02
3.03570e-02
3.03577e-02
3.04235e-02
3.04372e-02
3.06294e-02
3.07823e-02
3.06892e-02
3.09633e-02
3.09717e-02
3.10968e-02
3.12357e-02
3.13442e-02
3.13503e-02
3.12973e-02
3.13583e-02
3.14324e-02
3.16283e-02
3.18439e-02
3.19146e-02
3.18674e-02
3.17969e-02
3.19931e-02
3.20576e-02
3.19412e-02
3.22580e-02
3.21941e-02
3.22270e-02
3.23695e-02
3.22353e-02
3.23245e-02
3.21616e-02
3.23644e-02
3.27547e-02
3.25902e-02
3.24719e-02
3.26403e-02
3.25698e-02
3.25411e-02
3.26007e-02
3.27142e-02
3.27124e-02
3.28699e-02
3.28578e-02
3.26252e-02
3.27146e-02
3.25101e-02
3.26590e-02
3.26352e-02
3.26618e-02
3.28753e-02
3.25634e-02
