2.92743e-01
2.01114e-01
1.44567e-01
1.12266e-01
9.32386e-02
8.24387e-02
7.63103e-02
7.24779e-02
7.00212e-02
6.84233e-02
6.71932e-02
6.62329e-02
6.53450e-02
6.44233e-02
6.35718e-02
6.26129e-02
6.17523e-02
6.08281e-02
5.99510e-02
5.90846e-02
5.81719e-02
5.72053e-02
5.63454e-02
5.55620e-02
5.47041e-02
5.39037e-02
5.30988e-02
5.24204e-02
5.16053e-02
5.09262e-02
5.02327e-02
4.95902e-02
4.90146e-02
4.84442e-02
4.76133e-02
4.70900e-02
4.66124e-02
4.60354e-02
4.54719e-02
4.48146e-02
4.44431e-02
4.40632e-02
4.34258e-02
4.31233e-02
4.26785e-02
4.23010e-02
4.18042e-02
4.13913e-02
4.10752e-02
4.08374e-02
4.03640e-02
4.03382e-02
3.99516e-02
3.93484e-02
3.89837e-02
3.89291e-02
3.85383e-02
3.80909e-02
3.80041e-02
3.76087e-02
3.72905e-02
3.73186e-02
3.70063e-02
3.68984e-02
3.74460e-02
3.65701e-02
3.63640e-02
3.60519e-02
3.59909e-02
3.57352e-02
3.54066e-02
3.53472e-02
3.51679e-02
3.52051e-02
3.48497e-02
3.48684e-02
3.46341e-02
3.46191e-02
3.44440e-02
3.44928e-02
3.43462e-02
3.42485e-02
3.41718e-02
3.40842e-02
3.41621e-02
3.38459e-02
3.39783e-02
3.39045e-02
3.38382e-02
3.37639e-02
3.38483e-02
3.36608e-02
3.36193e-02
3.36171e-02
3.36234e-02
3.34522e-02
3.37089e-02
3.35261e-02
3.36698e-02
3.36354e-02
3.34882e-02
3.36434e-02
3.36349e-02
3.35921e-02
3.34747e-02
3.35884e-02
3.36063e-02
3.36629e-02
3.35526e-02
3.34814e-02
3.34731e-02
3.34795e-02
3.36713e-02
3.36398e-02
3.37719e-02
3.35600e-02
3.36914e-02
3.38821e-02
3.37824e-02
3.36939e-02
3.35991e-02
3.36645e-02
3.37171e-02
3.39361e-02
3.36294e-02
3.35933e-02
3.36033e-02
3.38179e-02
3.37624e-02
3.37608e-02
3.37859e-02
3.37682e-02
3.39776e-02
3.41375e-02
3.38283e-02
3.38803e-02
3.38410e-02
3.38052e-02
3.38132e-02
3.38329e-02
3.38179e-02
3.38981e-02
3.39081e-02
3.39959e-02
3.39101e-02
3.36262e-02
3.39149e-02
3.40551e-02
3.41131e-02
3.42201e-02
3.42013e-02
3.37210e-02
3.37543e-02
3.38690e-02
3.38926e-02
3.36747e-02
3.39633e-02
3.38137e-02
3.39688e-02
3.38442e-02
3.39294e-02
3.40725e-02
3.40903e-02
3.39082e-02
3.37520e-02
3.37062e-02
3.38265e-02
3.34997e-02
3.35970e-02
3.33651e-02
3.34825e-02
3.32475e-02
3.33393e-02
3.34547e-02
3.35118e-02
3.35588e-02
3.33545e-02
3.30467e-02
3.32771e-02
3.30401e-02
3.32071e-02
3.32109e-02
3.28066e-02
3.27159e-02
3.27916e-02
3.30037e-02
3.29685e-02
3.26302e-02
3.23887e-02
3.26747e-02
3.24240e-02
3.22525e-02
3.26627e-02
3.20640e-02
3.19690e-02
3.24133e-02
3.19526e-02
3.17482e-02
3.15106e-02
3.15565e-02
3.20518e-02
3.14603e-02
3.11924e-02
3.16675e-02
3.15439e-02
3.09368e-02
3.09200e-02
3.09613e-02
3.09454e-02
3.07119e-02
3.06564e-02
3.05176e-02
3.02666e-02
3.03468e-02
3.01114e-02
2.98508e-02
2.97596e-02
2.94765e-02
2.94111e-02
2.94731e-02
2.92813e-02
2.91454e-02
2.89797e-02
2.88230e-02
2.84586e-02
2.86399e-02
2.88000e-02
2.89315e-02
2.80534e-02
2.78458e-02
2.77510e-02
2.74619e-02
2.76424e-02
2.74100e-02
2.71054e-02
2.73582e-02
2.72290e-02
2.71670e-02
2.70221e-02
2.68680e-02
2.67921e-02
2.64200e-02
2.60628e-02
2.58324e-02
2.60205e-02
2.60101e-02
2.56388e-02
2.55970e-02
2.55223e-02
2.54252e-02
2.52251e-02
2.50432e-02
2.50867e-02
2.50913e-02
2.48127e-02
2.44190e-02
2.46125e-02
2.45370e-02
2.45249e-02
2.42867e-02
2.42773e-02
2.41528e-02
2.39689e-02
2.40088e-02
2.38765e-02
2.35350e-02
2.34385e-02
2.34914e-02
2.32696e-02
2.31563e-02
2.32940e-02
2.31448e-02
2.29562e-02
2.30365e-02
2.27510e-02
2.26138e-02
2.25644e-02
2.22444e-02
2.28996e-02
2.27200e-02
2.23263e-02
2.22470e-02
2.22370e-02
2.22283e-02
2.21939e-02
2.23813e-02
2.21511e-02
2.22226e-02
2.23933e-02
2.21210e-02
2.19666e-02
2.20348e-02
2.20802e-02
2.18481e-02
2.18915e-02
2.19762e-02
2.19668e-02
2.19994e-02
2.20201e-02
2.19177e-02
2.19177e-02
2.18610e-02
2.18292e-02
2.19191e-02
2.19540e-02
2.20723e-02
2.20512e-02
2.19751e-02
2.19904e-02
2.21461e-02
2.24283e-02
2.22263e-02
2.22706e-02
2.24303e-02
2.21743e-02
2.23624e-02
2.22381e-02
2.22383e-02
2.21147e-02
2.22061e-02
2.21626e-02
2.24648e-02
2.26552e-02
2.22337e-02
2.24905e-02
2.28179e-02
2.25719e-02
2.27096e-02
2.27940e-02
2.28253e-02
2.27956e-02
2.30082e-02
2.29422e-02
2.32925e-02
2.28791e-02
2.31850e-02
2.32800e-02
2.35174e-02
2.38924e-02
2.36983e-02
2.36735e-02
2.34253e-02
2.36066e-02
2.37624e-02
2.38188e-02
2.40794e-02
2.39896e-02
2.43754e-02
2.45579e-02
2.47537e-02
2.44657e-02
2.48340e-02
2.45200e-02
2.44142e-02
2.49077e-02
2.52644e-02
2.51389e-02
2.50733e-02
2.50879e-02
2.52405e-02
2.52801e-02
2.52837e-02
2.52732e-02
2.53115e-02
2.54056e-02
2.56656e-02
2.55600e-02
2.55519e-02
2.57170e-02
2.54969e-02
2.53443e-02
2.58541e-02
2.63909e-02
2.60307e-02
2.61555e-02
2.60030e-02
2.63397e-02
2.59661e-02
2.61514e-02
2.61364e-02
2.62371e-02
2.62398e-02
2.66321e-02
2.63571e-02
2.63873e-02
2.66639e-02
2.62369e-02
2.62276e-02
2.63013e-02
2.62958e-02
2.60750e-02
2.61167e-02
2.60919e-02
2.61818e-02
2.59580e-02
2.61003e-02
2.67278e-02
2.61973e-02
2.60124e-02
2.61548e-02
2.67972e-02
2.61056e-02
2.57607e-02
2.59649e-02
2.63344e-02
2.63223e-02
2.65637e-02
2.55922e-02
2.54593e-02
2.54247e-02
2.55313e-02
2.53307e-02
2.51976e-02
2.51247e-02
2.48458e-02
2.46947e-02
2.47342e-02
2.51446e-02
2.47524e-02
2.51309e-02
2.49610e-02
2.45190e-02
2.40784e-02
2.39795e-02
2.41964e-02
2.39185e-02
2.37800e-02
2.37270e-02
2.45395e-02
2.42637e-02
2.37743e-02
2.36731e-02
2.32114e-02
2.32659e-02
2.30930e-02
2.29514e-02
2.35156e-02
2.30150e-02
2.29897e-02
2.28709e-02
2.25329e-02
2.24416e-02
2.23325e-02
2.20739e-02
2.20823e-02
2.19539e-02
2.20732e-02
2.15804e-02
2.15318e-02
2.16151e-02
2.15776e-02
2.15288e-02
2.13643e-02
2.14251e-02
2.11157e-02
2.08870e-02
2.08327e-02
2.11838e-02
2.07867e-02
2.06806e-02
2.05776e-02
2.04938e-02
2.00542e-02
2.00563e-02
2.00091e-02
1.99821e-02
1.96542e-02
1.96828e-02
2.01525e-02
1.97352e-02
1.96637e-02
1.92938e-02
1.97778e-02
1.95212e-02
1.98468e-02
1.96380e-02
1.90767e-02
1.91629e-02
1.90609e-02
1.88871e-02
1.94087e-02
1.88686e-02
1.89498e-02
1.89234e-02
1.89200e-02
1.86269e-02
1.85727e-02
1.85803e-02
1.88707e-02
1.87449e-02
1.86456e-02
1.86302e-02
1.85474e-02
1.90334e-02
1.88693e-02
1.86251e-02
1.85207e-02
1.83407e-02
1.85974e-02
1.85008e-02
1.85692e-02
1.85465e-02
1.84585e-02
1.87066e-02
1.86048e-02
1.84269e-02
1.87143e-02
1.85657e-02
1.87019e-02
1.87266e-02
1.84447e-02
1.88901e-02
1.87743e-02
1.86801e-02
1.86423e-02
1.86061e-02
1.88027e-02
1.87258e-02
1.85184e-02
1.90174e-02
1.86621e-02
1.91058e-02
1.92093e-02
1.93647e-02
1.97104e-02
1.90654e-02
1.94345e-02
2.01706e-02
1.98660e-02
1.99922e-02
1.96517e-02
1.96608e-02
1.95369e-02
2.00417e-02
1.97333e-02
1.98933e-02
1.98477e-02
1.99954e-02
1.98643e-02
2.00488e-02
2.01162e-02
2.01185e-02
2.03038e-02
2.03543e-02
2.10141e-02
2.09264e-02
2.11048e-02
2.10810e-02
2.15784e-02
2.11570e-02
2.11515e-02
2.12301e-02
2.14109e-02
2.12619e-02
2.17277e-02
2.20175e-02
2.21293e-02
2.20936e-02
2.24356e-02
2.22203e-02
2.21841e-02
2.25464e-02
2.31442e-02
2.30795e-02
2.28934e-02
2.24437e-02
2.24968e-02
2.27174e-02
2.30444e-02
2.29299e-02
2.27199e-02
2.32515e-02
2.37928e-02
2.33914e-02
2.37978e-02
2.35276e-02
2.32897e-02
2.33098e-02
2.40371e-02
2.41733e-02
2.36990e-02
2.35681e-02
2.34702e-02
2.35947e-02
2.38365e-02
2.41525e-02
2.44966e-02
2.39586e-02
2.36742e-02
2.38642e-02
2.35267e-02
2.37845e-02
2.36721e-02
2.34142e-02
2.33133e-02
2.40748e-02
2.39568e-02
2.35730e-02
2.32530e-02
2.32558e-02
2.38014e-02
2.34832e-02
2.33856e-02
2.37321e-02
2.36996e-02
2.37527e-02
2.34684e-02
2.37211e-02
2.35532e-02
2.31057e-02
2.31821e-02
2.30964e-02
2.34514e-02
2.28494e-02
2.29822e-02
2.26588e-02
2.24809e-02
2.25980e-02
2.22790e-02
2.23269e-02
2.25742e-02
2.27431e-02
2.25538e-02
2.23662e-02
2.25700e-02
2.22474e-02
2.20615e-02
2.17472e-02
2.16095e-02
2.16775e-02
2.15073e-02
2.13802e-02
2.11764e-02
2.14673e-02
2.11036e-02
2.09803e-02
2.08603e-02
2.08795e-02
2.07712e-02
2.06086e-02
2.07695e-02
2.03175e-02
2.02637e-02
2.02685e-02
2.02410e-02
1.99156e-02
2.02753e-02
1.95630e-02
1.95532e-02
1.93800e-02
1.94013e-02
1.94200e-02
1.90470e-02
1.90344e-02
1.92848e-02
1.90213e-02
1.88962e-02
1.86701e-02
1.87302e-02
1.87077e-02
1.85581e-02
1.86825e-02
1.83778e-02
1.84592e-02
1.81476e-02
1.84528e-02
1.82024e-02
1.79658e-02
1.77802e-02
1.79018e-02
1.81651e-02
1.79187e-02
1.78557e-02
1.78709e-02
1.79361e-02
1.75072e-02
1.75587e-02
1.75647e-02
1.74598e-02
1.73665e-02
1.73259e-02
1.73535e-02
1.71803e-02
1.73219e-02
1.69933e-02
1.70126e-02
1.68268e-02
1.70115e-02
1.72485e-02
1.71782e-02
1.70720e-02
1.70832e-02
1.66019e-02
1.70485e-02
1.68986e-02
1.66399e-02
1.67416e-02
1.68350e-02
1.70079e-02
1.70139e-02
1.69363e-02
1.70514e-02
1.70785e-02
1.67793e-02
1.70495e-02
1.69442e-02
1.69239e-02
1.70247e-02
1.71649e-02
1.68396e-02
1.67360e-02
1.68419e-02
1.74318e-02
1.69489e-02
1.70497e-02
1.71092e-02
1.71252e-02
1.72886e-02
1.71734e-02
1.72719e-02
1.73614e-02
1.72903e-02
1.72537e-02
1.74875e-02
1.73864e-02
1.73363e-02
1.75514e-02
1.73543e-02
1.77677e-02
1.78629e-02
1.79952e-02
1.78892e-02
1.77222e-02
1.80335e-02
1.83105e-02
1.79582e-02
1.84818e-02
1.81253e-02
1.81017e-02
1.81742e-02
1.88754e-02
1.86492e-02
1.86358e-02
1.90536e-02
1.91948e-02
1.90175e-02
1.95589e-02
1.94408e-02
1.90994e-02
1.94941e-02
1.94939e-02
1.99091e-02
1.98317e-02
1.98520e-02
2.01526e-02
2.01939e-02
2.04110e-02
2.06047e-02
2.06604e-02
2.09062e-02
2.09402e-02
2.09556e-02
2.08518e-02
2.10547e-02
2.16618e-02
2.11439e-02
2.08949e-02
2.12816e-02
2.12444e-02
2.11535e-02
2.17604e-02
2.13752e-02
2.14214e-02
2.13872e-02
2.13670e-02
2.15721e-02
2.19770e-02
2.16060e-02
2.17010e-02
2.19639e-02
2.21292e-02
2.25367e-02
2.25352e-02
2.30708e-02
2.28508e-02
2.24056e-02
2.22440e-02
2.23727e-02
2.24432e-02
2.27460e-02
2.26913e-02
2.22682e-02
2.25082e-02
2.22734e-02
2.20538e-02
2.20120e-02
2.21038e-02
2.18847e-02
2.28695e-02
2.32414e-02
2.25786e-02
2.26144e-02
2.24778e-02
2.24405e-02
2.20363e-02
2.16764e-02
2.19511e-02
2.22039e-02
2.28249e-02
2.19074e-02
2.16378e-02
2.14260e-02
2.16296e-02
2.17101e-02
2.19502e-02
2.12557e-02
2.12015e-02
2.09800e-02
2.13556e-02
2.07515e-02
2.08128e-02
2.08311e-02
2.10023e-02
2.10507e-02
2.05785e-02
2.05907e-02
2.05504e-02
2.02681e-02
2.00654e-02
2.00844e-02
2.04402e-02
2.00928e-02
1.99525e-02
2.01288e-02
2.02873e-02
1.97495e-02
1.94351e-02
1.93878e-02
1.94525e-02
1.95664e-02
1.95338e-02
1.91304e-02
1.91133e-02
1.90603e-02
1.89716e-02
1.87157e-02
1.87461e-02
1.88715e-02
1.83098e-02
1.90455e-02
1.85592e-02
1.83627e-02
1.84421e-02
1.80907e-02
1.78938e-02
1.79300e-02
1.80634e-02
1.77351e-02
1.72696e-02
1.72934e-02
1.75861e-02
1.72870e-02
1.74247e-02
1.72094e-02
1.67168e-02
1.71986e-02
1.68693e-02
1.72145e-02
1.66527e-02
1.67104e-02
1.66237e-02
1.67000e-02
1.64741e-02
1.63047e-02
1.63786e-02
1.63429e-02
1.64460e-02
1.65347e-02
1.61789e-02
1.65446e-02
1.64999e-02
1.63195e-02
1.60198e-02
1.65333e-02
1.59060e-02
1.60365e-02
1.61510e-02
1.60464e-02
1.58068e-02
1.58956e-02
1.60986e-02
1.58598e-02
1.58144e-02
1.58453e-02
1.58994e-02
1.58350e-02
1.56528e-02
1.58285e-02
1.60003e-02
1.58739e-02
1.56252e-02
1.55000e-02
1.58703e-02
1.55269e-02
1.56918e-02
1.57614e-02
1.56515e-02
1.58185e-02
1.56570e-02
1.59021e-02
1.56877e-02
1.58046e-02
1.57867e-02
1.57542e-02
1.57737e-02
1.59632e-02
1.58512e-02
1.59361e-02
1.62212e-02
1.59642e-02
1.62452e-02
1.61628e-02
1.61199e-02
1.61591e-02
1.64022e-02
1.62491e-02
1.64345e-02
1.65182e-02
1.63320e-02
1.65501e-02
1.65748e-02
1.68698e-02
1.68893e-02
1.71886e-02
1.68773e-02
1.67829e-02
1.67981e-02
1.73753e-02
1.78336e-02
1.80274e-02
1.75615e-02
1.78289e-02
1.74765e-02
1.78346e-02
1.78163e-02
1.78394e-02
1.80623e-02
1.80391e-02
1.81108e-02
1.85407e-02
1.86114e-02
1.82730e-02
1.90224e-02
1.88861e-02
1.90172e-02
1.95028e-02
1.91835e-02
1.96921e-02
1.94565e-02
1.92514e-02
2.00983e-02
1.95834e-02
1.95499e-02
2.00516e-02
2.03425e-02
2.02695e-02
2.02634e-02
2.00132e-02
2.03023e-02
2.04917e-02
2.06257e-02
2.08523e-02
2.06846e-02
2.06370e-02
2.06270e-02
2.04689e-02
2.03850e-02
2.05697e-02
2.08663e-02
2.09417e-02
2.07658e-02
2.06774e-02
2.07214e-02
2.08540e-02
2.12661e-02
2.10200e-02
2.14037e-02
2.15510e-02
2.13623e-02
2.14844e-02
2.11188e-02
2.13634e-02
2.09452e-02
2.07946e-02
2.13333e-02
2.14105e-02
2.10368e-02
2.11550e-02
2.11422e-02
2.12022e-02
