2.26295e-01
1.60164e-01
1.34097e-01
9.70478e-02
7.53872e-02
6.09546e-02
5.21217e-02
4.57442e-02
4.18943e-02
3.76424e-02
3.50172e-02
3.26082e-02
3.10094e-02
2.89214e-02
2.77023e-02
2.58666e-02
2.46919e-02
2.37882e-02
2.27022e-02
2.10789e-02
2.20335e-02
2.43468e-02
1.98773e-02
1.91166e-02
1.94104e-02
1.87649e-02
1.91873e-02
1.70906e-02
1.69806e-02
1.59502e-02
1.63447e-02
1.64352e-02
1.58034e-02
1.55917e-02
1.50395e-02
1.58541e-02
1.48086e-02
1.45681e-02
1.39676e-02
1.34146e-02
1.39388e-02
1.32191e-02
1.37008e-02
1.28561e-02
1.32345e-02
1.23775e-02
1.16883e-02
1.46097e-02
1.17146e-02
1.09110e-02
1.05784e-02
1.14035e-02
1.07347e-02
1.12824e-02
9.83671e-03
1.00929e-02
1.02885e-02
1.14453e-02
1.04772e-02
9.15076e-03
9.43006e-03
9.31221e-03
8.96266e-03
8.89415e-03
8.63908e-03
8.45824e-03
8.44442e-03
8.67675e-03
7.96535e-03
7.66378e-03
8.36270e-03
7.60012e-03
7.58594e-03
7.80814e-03
7.07843e-03
7.17941e-03
7.33468e-03
6.97814e-03
6.98780e-03
6.85233e-03
6.78932e-03
6.42197e-03
6.63007e-03
6.39142e-03
6.50864e-03
6.21813e-03
6.32076e-03
6.34003e-03
6.06209e-03
6.01159e-03
5.87174e-03
6.04579e-03
6.05179e-03
6.05934e-03
5.90394e-03
5.84123e-03
5.87000e-03
5.92261e-03
5.78639e-03
5.96760e-03
5.93539e-03
5.82380e-03
5.91241e-03
5.83852e-03
5.97238e-03
6.04707e-03
5.75738e-03
5.97856e-03
5.91156e-03
6.34620e-03
6.35318e-03
6.13646e-03
6.32468e-03
6.19264e-03
6.50461e-03
6.37040e-03
6.23135e-03
6.29040e-03
6.77830e-03
6.63821e-03
6.86338e-03
6.75032e-03
7.33298e-03
6.90419e-03
6.96653e-03
6.90291e-03
7.16988e-03
7.21975e-03
7.62126e-03
7.88944e-03
7.57635e-03
7.87391e-03
8.19493e-03
8.08707e-03
8.56676e-03
8.13863e-03
8.41429e-03
9.54356e-03
8.14089e-03
8.55655e-03
9.50278e-03
8.13943e-03
1.03808e-02
8.62356e-03
9.65944e-03
1.04171e-02
9.90472e-03
8.54837e-03
9.87026e-03
8.86670e-03
9.45034e-03
1.00377e-02
1.06478e-02
1.29109e-02
8.96398e-03
8.66250e-03
1.13166e-02
1.05692e-02
1.41998e-02
1.68453e-02
1.17485e-02
9.81711e-03
9.77670e-03
9.57522e-03
1.38610e-02
9.87243e-03
1.09361e-02
1.18206e-02
9.68962e-03
1.29890e-02
1.02180e-02
9.72684e-03
1.76013e-02
1.02322e-02
1.01830e-02
1.43488e-02
1.01037e-02
1.36469e-02
9.37551e-03
1.26936e-02
1.11809e-02
1.16903e-02
1.77120e-02
9.14291e-03
1.19385e-02
1.40206e-02
1.27785e-02
9.68779e-03
1.03740e-02
1.13511e-02
1.08226e-02
1.28733e-02
1.00687e-02
9.13567e-03
2.81179e-02
1.37392e-02
1.16004e-02
1.08074e-02
1.01449e-02
1.26202e-02
1.24052e-02
1.05144e-02
1.03736e-02
1.02367e-02
9.54031e-03
1.12377e-02
1.14839e-02
1.00313e-02
8.80876e-03
1.07191e-02
9.21043e-03
1.44829e-02
9.90966e-03
8.24488e-03
1.45997e-02
8.83173e-03
8.85895e-03
9.05810e-03
1.21992e-02
1.22739e-02
8.34117e-03
9.74170e-03
7.99562e-03
9.32913e-03
7.61079e-03
8.29780e-03
1.09062e-02
1.36410e-02
7.81952e-03
7.22202e-03
8.29518e-03
8.16256e-03
7.22864e-03
9.00466e-03
6.90337e-03
6.94018e-03
6.33635e-03
7.07262e-03
8.25439e-03
7.14830e-03
6.61527e-03
8.15465e-03
6.31879e-03
6.42165e-03
7.64344e-03
5.75207e-03
5.43632e-03
6.04485e-03
5.78983e-03
6.91560e-03
5.24562e-03
5.82639e-03
4.83873e-03
5.51749e-03
4.91514e-03
5.58587e-03
5.53376e-03
4.47444e-03
4.92926e-03
4.49559e-03
4.71149e-03
4.81618e-03
4.65492e-03
4.58734e-03
4.28585e-03
3.98413e-03
3.77843e-03
3.89947e-03
3.58363e-03
3.63475e-03
3.94892e-03
3.59901e-03
3.28412e-03
3.27766e-03
3.38081e-03
3.28869e-03
3.09522e-03
3.15965e-03
3.56280e-03
3.14203e-03
2.67970e-03
2.63618e-03
2.84770e-03
3.09234e-03
2.87401e-03
2.75365e-03
2.55755e-03
2.65513e-03
2.78848e-03
2.56851e-03
2.57219e-03
2.76126e-03
2.37817e-03
2.54435e-03
2.45837e-03
2.44877e-03
2.44143e-03
2.43407e-03
2.44508e-03
2.57075e-03
2.48849e-03
2.34076e-03
2.46797e-03
2.39578e-03
2.56881e-03
2.62150e-03
2.48298e-03
2.61937e-03
2.40953e-03
2.64800e-03
2.77214e-03
2.44855e-03
2.70418e-03
3.00982e-03
2.95601e-03
2.89859e-03
2.86169e-03
2.87153e-03
2.88314e-03
2.86248e-03
3.17418e-03
2.86969e-03
3.60937e-03
2.94932e-03
3.25612e-03
3.33551e-03
3.47355e-03
3.61992e-03
3.97355e-03
3.67846e-03
3.84827e-03
3.90899e-03
4.01324e-03
4.03702e-03
4.29123e-03
4.72166e-03
4.41068e-03
4.22789e-03
5.02474e-03
3.88273e-03
5.55067e-03
4.37447e-03
5.45170e-03
4.62705e-03
5.23487e-03
4.37105e-03
5.30651e-03
5.12117e-03
8.02732e-03
4.81264e-03
5.23219e-03
4.67888e-03
5.07740e-03
5.66177e-03
5.87585e-03
6.27344e-03
5.39473e-03
5.94664e-03
6.32297e-03
5.73834e-03
6.53803e-03
6.61367e-03
6.04961e-03
6.52914e-03
6.53682e-03
7.92286e-03
6.73833e-03
7.15766e-03
6.80842e-03
6.06644e-03
7.73539e-03
7.39404e-03
9.72542e-03
6.16594e-03
9.84760e-03
7.59169e-03
8.29849e-03
7.10717e-03
1.39609e-02
7.13098e-03
1.01977e-02
6.41947e-03
6.91710e-03
7.99632e-03
6.42203e-03
1.41757e-02
7.93509e-03
1.19269e-02
8.20273e-03
7.28636e-03
1.21287e-02
6.38410e-03
7.98822e-03
7.83934e-03
5.79903e-03
6.74925e-03
7.45795e-03
7.26202e-03
6.01374e-03
7.41947e-03
1.01118e-02
7.15779e-03
7.40979e-03
6.35847e-03
7.12797e-03
7.00410e-03
6.68541e-03
1.22231e-02
7.50287e-03
8.64717e-03
6.44884e-03
6.58177e-03
7.05202e-03
6.57052e-03
6.55206e-03
8.31605e-03
9.24015e-03
6.42965e-03
1.14054e-02
7.63253e-03
7.32044e-03
6.01831e-03
6.59719e-03
5.88519e-03
5.86426e-03
5.55678e-03
7.12989e-03
6.94522e-03
4.87620e-03
5.97986e-03
5.09804e-03
6.27843e-03
4.98729e-03
6.39123e-03
5.54608e-03
4.22949e-03
5.05610e-03
5.13149e-03
5.79624e-03
4.49040e-03
4.94421e-03
4.34609e-03
4.06348e-03
4.52115e-03
4.03574e-03
4.21877e-03
4.35578e-03
4.13292e-03
4.09769e-03
4.06725e-03
3.92564e-03
4.09687e-03
3.46579e-03
3.04522e-03
3.24177e-03
3.21814e-03
3.21108e-03
3.09471e-03
3.42958e-03
3.26437e-03
3.12051e-03
3.25611e-03
2.53600e-03
2.55817e-03
2.92201e-03
2.99896e-03
3.07972e-03
2.60903e-03
2.71964e-03
2.31336e-03
2.41078e-03
2.18331e-03
2.63356e-03
1.97467e-03
2.32363e-03
1.92438e-03
2.22935e-03
2.05873e-03
1.84908e-03
1.78122e-03
1.71758e-03
1.91290e-03
1.83505e-03
2.26241e-03
1.67308e-03
1.65082e-03
1.40361e-03
1.75633e-03
1.60814e-03
1.59599e-03
1.46412e-03
1.49176e-03
1.51817e-03
1.41555e-03
1.42417e-03
1.34033e-03
1.35976e-03
1.36737e-03
1.27747e-03
1.29297e-03
1.43745e-03
1.41744e-03
1.29249e-03
1.49552e-03
1.45386e-03
1.48367e-03
1.42626e-03
1.35445e-03
1.35551e-03
1.55229e-03
1.72801e-03
1.66058e-03
1.51682e-03
1.69837e-03
1.62165e-03
1.56036e-03
1.66998e-03
1.99846e-03
1.91217e-03
2.04752e-03
2.65022e-03
2.30562e-03
2.16728e-03
2.25312e-03
1.93427e-03
2.55872e-03
2.41724e-03
2.51941e-03
2.40121e-03
2.37158e-03
2.41613e-03
2.86444e-03
3.06638e-03
2.88059e-03
3.00156e-03
2.95688e-03
2.79002e-03
4.02425e-03
3.40996e-03
3.70118e-03
3.14140e-03
4.51185e-03
2.71131e-03
3.77869e-03
3.77795e-03
5.14492e-03
3.76158e-03
3.43867e-03
3.55373e-03
6.48276e-03
3.62100e-03
3.88655e-03
4.82260e-03
4.51684e-03
5.44523e-03
4.05511e-03
4.15411e-03
4.61332e-03
4.71500e-03
4.31148e-03
5.11691e-03
4.80471e-03
6.60892e-03
4.82890e-03
4.48398e-03
7.19234e-03
8.40015e-03
7.07895e-03
5.86635e-03
5.57850e-03
4.54855e-03
4.14705e-03
6.19157e-03
4.49893e-03
6.08196e-03
5.46515e-03
6.29359e-03
5.78400e-03
5.53584e-03
5.82820e-03
6.65491e-03
9.20074e-03
6.23255e-03
5.37403e-03
7.94388e-03
5.38389e-03
8.02969e-03
7.44021e-03
9.58201e-03
7.51386e-03
7.07260e-03
5.78874e-03
5.35837e-03
7.21352e-03
6.21521e-03
5.33458e-03
7.25763e-03
7.98810e-03
6.07348e-03
5.02343e-03
8.99789e-03
5.35700e-03
6.68263e-03
7.79783e-03
5.38965e-03
1.27058e-02
6.83843e-03
6.96096e-03
8.61379e-03
6.29432e-03
5.92843e-03
6.05703e-03
4.98568e-03
7.23853e-03
4.16530e-03
1.04994e-02
5.47201e-03
1.03752e-02
5.43080e-03
4.90691e-03
7.41831e-03
5.57387e-03
4.20066e-03
6.74237e-03
6.32915e-03
5.04272e-03
5.01191e-03
5.27774e-03
4.75755e-03
4.74498e-03
3.98876e-03
4.83836e-03
5.22833e-03
3.61753e-03
4.25772e-03
5.94859e-03
4.68898e-03
3.56592e-03
3.44112e-03
4.06473e-03
3.48157e-03
3.79936e-03
3.86579e-03
3.98327e-03
3.52936e-03
3.97300e-03
3.59201e-03
3.10494e-03
3.67753e-03
3.03872e-03
3.79387e-03
3.02575e-03
3.02645e-03
2.84621e-03
2.91337e-03
2.85583e-03
2.19887e-03
2.33179e-03
2.62278e-03
2.30948e-03
