2.52779e-01
1.59986e-01
1.41753e-01
1.27166e-01
1.11016e-01
1.00425e-01
9.24838e-02
8.71628e-02
8.32502e-02
7.98004e-02
7.72633e-02
7.56145e-02
7.38255e-02
7.25874e-02
7.17881e-02
7.05521e-02
7.00628e-02
6.93975e-02
6.88329e-02
6.81365e-02
6.75851e-02
6.76375e-02
6.71488e-02
6.64398e-02
6.63865e-02
6.58602e-02
6.57468e-02
6.54855e-02
6.53592e-02
6.44645e-02
6.45193e-02
6.42151e-02
6.43284e-02
6.36384e-02
6.36289e-02
6.37404e-02
6.38347e-02
6.29338e-02
6.32092e-02
6.27652e-02
6.23377e-02
6.25965e-02
6.20960e-02
6.23251e-02
6.18515e-02
6.17632e-02
6.16186e-02
6.15694e-02
6.15673e-02
6.09359e-02
6.08753e-02
6.08102e-02
6.06790e-02
6.06389e-02
6.00450e-02
5.99637e-02
6.03645e-02
5.96571e-02
5.97451e-02
5.95439e-02
5.93212e-02
5.91588e-02
5.88245e-02
5.86520e-02
5.86904e-02
5.83525e-02
5.81191e-02
5.80652e-02
5.79935e-02
5.79143e-02
5.75540e-02
5.77155e-02
5.74556e-02
5.71939e-02
5.71741e-02
5.72764e-02
5.69445e-02
5.67800e-02
5.67952e-02
5.66935e-02
5.66916e-02
5.65204e-02
5.63390e-02
5.62222e-02
5.62893e-02
5.61680e-02
5.61773e-02
5.60828e-02
5.60482e-02
5.59270e-02
5.59262e-02
5.58913e-02
5.58614e-02
5.58514e-02
5.58971e-02
5.57779e-02
5.58685e-02
5.57298e-02
5.58156e-02
5.57707e-02
5.57558e-02
5.57885e-02
5.57990e-02
5.57961e-02
5.57809e-02
5.58091e-02
5.58605e-02
5.58187e-02
5.58251e-02
5.58434e-02
5.59284e-02
5.59877e-02
5.59727e-02
5.59872e-02
5.59892e-02
5.59606e-02
5.58705e-02
5.58829e-02
5.61531e-02
5.60199e-02
5.60649e-02
5.59985e-02
5.62140e-02
5.61505e-02
5.61583e-02
5.61430e-02
5.64666e-02
5.63977e-02
5.62867e-02
5.62915e-02
5.63504e-02
5.61462e-02
5.63328e-02
5.61050e-02
5.65428e-02
5.62165e-02
5.64338e-02
5.62230e-02
5.65942e-02
5.62839e-02
5.61956e-02
5.61941e-02
5.63804e-02
5.61860e-02
5.62869e-02
5.67119e-02
5.63228e-02
5.62470e-02
5.62359e-02
5.66005e-02
5.60839e-02
5.61043e-02
5.60374e-02
5.58622e-02
5.66240e-02
5.67300e-02
5.58157e-02
5.56335e-02
5.57132e-02
5.60921e-02
5.57240e-02
5.55587e-02
5.55343e-02
5.54016e-02
5.50309e-02
5.54733e-02
5.53893e-02
5.52318e-02
5.52726e-02
5.50355e-02
5.51731e-02
5.49545e-02
5.47893e-02
5.44437e-02
5.58946e-02
5.42936e-02
5.48536e-02
5.42552e-02
5.40579e-02
5.39020e-02
5.50767e-02
5.39424e-02
5.38229e-02
5.34693e-02
5.32545e-02
5.33544e-02
5.31513e-02
5.36051e-02
5.33694e-02
5.35421e-02
5.30082e-02
5.28722e-02
5.28283e-02
5.25916e-02
5.21288e-02
5.19771e-02
5.19519e-02
5.18105e-02
5.20731e-02
5.20133e-02
5.16344e-02
5.23352e-02
5.13964e-02
5.09264e-02
5.07145e-02
5.05765e-02
5.11363e-02
5.02666e-02
5.04582e-02
5.00906e-02
4.99863e-02
4.98320e-02
5.00325e-02
4.95601e-02
4.97171e-02
4.93939e-02
5.06901e-02
4.89965e-02
4.94235e-02
4.86707e-02
4.87184e-02
4.84630e-02
4.83462e-02
4.77009e-02
4.85872e-02
4.79526e-02
4.77147e-02
4.75391e-02
4.69131e-02
4.74105e-02
4.71205e-02
4.66626e-02
4.66990e-02
4.64042e-02
4.64809e-02
4.61870e-02
4.57727e-02
4.60692e-02
4.62205e-02
4.56490e-02
4.50575e-02
4.51778e-02
4.50990e-02
4.48525e-02
4.46103e-02
4.44351e-02
4.45676e-02
4.39534e-02
4.41606e-02
4.42559e-02
4.38395e-02
4.33955e-02
4.34889e-02
4.31737e-02
4.30229e-02
4.27562e-02
4.29134e-02
4.26111e-02
4.22997e-02
4.23704e-02
4.28043e-02
4.22977e-02
4.21170e-02
4.18862e-02
4.15759e-02
4.16251e-02
4.15022e-02
4.16536e-02
4.13382e-02
4.12498e-02
4.12916e-02
4.10599e-02
4.08978e-02
4.10544e-02
4.08172e-02
4.04351e-02
4.03113e-02
4.05245e-02
4.02352e-02
4.04314e-02
4.04782e-02
3.99781e-02
4.00483e-02
3.99299e-02
4.01271e-02
3.98594e-02
3.97891e-02
3.99655e-02
3.97768e-02
3.96541e-02
3.98938e-02
3.97715e-02
3.95089e-02
3.95575e-02
3.97151e-02
3.96681e-02
3.96885e-02
3.94306e-02
3.95319e-02
3.96509e-02
3.95599e-02
3.94297e-02
3.95411e-02
3.95438e-02
3.97915e-02
3.94333e-02
3.95208e-02
3.95132e-02
3.96658e-02
3.96786e-02
3.95977e-02
3.96644e-02
3.97914e-02
3.97432e-02
3.98070e-02
3.99541e-02
3.98358e-02
3.98658e-02
4.00018e-02
4.02677e-02
4.03201e-02
4.01160e-02
4.03760e-02
4.02380e-02
4.03666e-02
4.04836e-02
4.04553e-02
4.06088e-02
4.10416e-02
4.04145e-02
4.05967e-02
4.09760e-02
4.08502e-02
4.06713e-02
4.08844e-02
4.13779e-02
4.15107e-02
4.16151e-02
4.12454e-02
4.14720e-02
4.15205e-02
4.12073e-02
4.15818e-02
4.17084e-02
4.17415e-02
4.20765e-02
4.17530e-02
4.18147e-02
4.17704e-02
4.19419e-02
4.24333e-02
4.18058e-02
4.21153e-02
4.22758e-02
4.20860e-02
4.23917e-02
4.24201e-02
4.27110e-02
4.26212e-02
4.29790e-02
4.26335e-02
4.27175e-02
4.29000e-02
4.31949e-02
4.25700e-02
4.33595e-02
4.30951e-02
4.25743e-02
4.33305e-02
4.27781e-02
4.27934e-02
4.28077e-02
4.32478e-02
4.31726e-02
4.39362e-02
4.29780e-02
4.32508e-02
4.29003e-02
4.35227e-02
4.32266e-02
4.37528e-02
4.34579e-02
4.40147e-02
4.37416e-02
4.34395e-02
4.34215e-02
4.35977e-02
4.32120e-02
4.29996e-02
4.36863e-02
4.28676e-02
4.36442e-02
4.28212e-02
4.35614e-02
4.28686e-02
4.31028e-02
4.27581e-02
4.33670e-02
4.25599e-02
4.31421e-02
4.27562e-02
4.28687e-02
4.28113e-02
4.29141e-02
4.26821e-02
4.26608e-02
4.27410e-02
4.30248e-02
4.27697e-02
4.20471e-02
4.28387e-02
4.25506e-02
4.24761e-02
4.16576e-02
4.20021e-02
4.33936e-02
4.17308e-02
4.23323e-02
4.12701e-02
4.16408e-02
4.14873e-02
4.15942e-02
4.12360e-02
4.10599e-02
4.09459e-02
4.11935e-02
4.06812e-02
4.04975e-02
4.07550e-02
4.07991e-02
4.06903e-02
4.00798e-02
4.00271e-02
4.00216e-02
4.04908e-02
3.99236e-02
3.98770e-02
4.02021e-02
3.99669e-02
3.88811e-02
3.92304e-02
3.91917e-02
3.87262e-02
3.87497e-02
3.86616e-02
3.84251e-02
3.85716e-02
3.82083e-02
3.80765e-02
3.76051e-02
3.77940e-02
3.76475e-02
3.78423e-02
3.76233e-02
3.74118e-02
3.73107e-02
3.71067e-02
3.70838e-02
3.69381e-02
3.66889e-02
3.65546e-02
3.66138e-02
3.65789e-02
3.61686e-02
3.60717e-02
3.60167e-02
3.60041e-02
3.59571e-02
3.61020e-02
3.58073e-02
3.58520e-02
3.55352e-02
3.52891e-02
3.52675e-02
3.52729e-02
3.51897e-02
3.52013e-02
3.52500e-02
3.50708e-02
3.48759e-02
3.45897e-02
3.47911e-02
3.49038e-02
3.46114e-02
3.47290e-02
3.46556e-02
3.46054e-02
3.43919e-02
3.44083e-02
3.41673e-02
3.46097e-02
3.44046e-02
3.42264e-02
3.41907e-02
3.43545e-02
3.44127e-02
3.42914e-02
3.43903e-02
3.42673e-02
3.42086e-02
3.43396e-02
3.40933e-02
3.42803e-02
3.42215e-02
3.41442e-02
3.40392e-02
3.40936e-02
3.42312e-02
3.44478e-02
3.43753e-02
3.42855e-02
3.43552e-02
3.43437e-02
3.44754e-02
3.45527e-02
3.50313e-02
3.45552e-02
3.46132e-02
3.48064e-02
3.49067e-02
3.46729e-02
3.49136e-02
3.48835e-02
3.51665e-02
3.51088e-02
3.52059e-02
3.49463e-02
3.52682e-02
3.52507e-02
3.52012e-02
3.58095e-02
3.57143e-02
3.57533e-02
3.62547e-02
3.58301e-02
3.57678e-02
3.60472e-02
3.65579e-02
3.60421e-02
3.62335e-02
3.63811e-02
3.62264e-02
3.63408e-02
3.62745e-02
3.71487e-02
3.66951e-02
3.66683e-02
3.68954e-02
3.75130e-02
3.70175e-02
3.76383e-02
3.72827e-02
3.77926e-02
3.74215e-02
3.77507e-02
3.78592e-02
3.74926e-02
3.78114e-02
3.80997e-02
3.85907e-02
3.85414e-02
3.79833e-02
3.91068e-02
3.83554e-02
3.79891e-02
3.84787e-02
3.88388e-02
3.85969e-02
3.83956e-02
3.86358e-02
3.89087e-02
3.84642e-02
3.87791e-02
3.91482e-02
3.86164e-02
3.98181e-02
3.89880e-02
3.91412e-02
3.97065e-02
3.91846e-02
3.96933e-02
3.92150e-02
3.92347e-02
3.91621e-02
3.94943e-02
3.93918e-02
3.94785e-02
4.09079e-02
3.93142e-02
3.91629e-02
3.99745e-02
3.91648e-02
3.97863e-02
3.93471e-02
3.94892e-02
4.11274e-02
3.92649e-02
3.94187e-02
3.88930e-02
3.94237e-02
3.92363e-02
3.90481e-02
3.94729e-02
4.09248e-02
3.91477e-02
3.89380e-02
3.88788e-02
3.86283e-02
3.88760e-02
3.86191e-02
3.86250e-02
3.88060e-02
3.92104e-02
3.85634e-02
3.84227e-02
3.91050e-02
3.83444e-02
3.84955e-02
3.81065e-02
3.80109e-02
3.85058e-02
3.79175e-02
3.76170e-02
3.75729e-02
3.82732e-02
3.76586e-02
3.77414e-02
3.74944e-02
3.77882e-02
3.70527e-02
3.71255e-02
3.69445e-02
3.68473e-02
3.70549e-02
3.68802e-02
3.67883e-02
3.66323e-02
3.63239e-02
3.59800e-02
3.60747e-02
3.59411e-02
3.62578e-02
3.54317e-02
3.58263e-02
3.56355e-02
3.59600e-02
3.51955e-02
3.52377e-02
3.53611e-02
3.51944e-02
3.48983e-02
3.45726e-02
3.47594e-02
3.47268e-02
3.45665e-02
3.41762e-02
3.40821e-02
3.39511e-02
3.38254e-02
3.39299e-02
3.39556e-02
3.37608e-02
3.36833e-02
3.36285e-02
3.34916e-02
3.31354e-02
3.32184e-02
3.32659e-02
3.31644e-02
3.28430e-02
3.29659e-02
3.29253e-02
3.28187e-02
3.24193e-02
3.23206e-02
3.29148e-02
3.26358e-02
3.21792e-02
3.21654e-02
3.25890e-02
3.20619e-02
3.20520e-02
3.18408e-02
3.18102e-02
3.19207e-02
3.18804e-02
3.20061e-02
3.19594e-02
3.17578e-02
3.18479e-02
3.17366e-02
3.17254e-02
3.14776e-02
3.17051e-02
3.14175e-02
3.15230e-02
3.14972e-02
3.15020e-02
3.14472e-02
3.13993e-02
3.15311e-02
3.15741e-02
3.17567e-02
3.16446e-02
3.14486e-02
3.15254e-02
3.15649e-02
3.17397e-02
3.16402e-02
3.15837e-02
3.16420e-02
3.17384e-02
3.16855e-02
3.16128e-02
3.18921e-02
3.19464e-02
3.19495e-02
3.19844e-02
3.21444e-02
3.21259e-02
3.22496e-02
3.23197e-02
3.22796e-02
3.22364e-02
3.25809e-02
3.22187e-02
3.28005e-02
3.23927e-02
3.25253e-02
3.31357e-02
3.26966e-02
3.33489e-02
3.29693e-02
3.27532e-02
3.32630e-02
3.32266e-02
3.34561e-02
3.35486e-02
3.37290e-02
3.39705e-02
3.34683e-02
3.39594e-02
3.40094e-02
3.40593e-02
3.39670e-02
3.39453e-02
3.39501e-02
3.40371e-02
3.48422e-02
3.44753e-02
3.50607e-02
3.49110e-02
3.44920e-02
3.66569e-02
3.48390e-02
3.48297e-02
3.53988e-02
3.50902e-02
3.55185e-02
3.61960e-02
3.56478e-02
3.57485e-02
3.54204e-02
3.57842e-02
3.60552e-02
3.62077e-02
3.63667e-02
3.64384e-02
3.58454e-02
3.63016e-02
3.68907e-02
3.70113e-02
3.67193e-02
3.68360e-02
3.65808e-02
3.60126e-02
3.65124e-02
3.72309e-02
3.87232e-02
3.68902e-02
3.68792e-02
3.65656e-02
3.71805e-02
3.70734e-02
3.69976e-02
3.71448e-02
4.13401e-02
3.74286e-02
3.67853e-02
3.77110e-02
3.71389e-02
3.74433e-02
3.68861e-02
3.71222e-02
3.74171e-02
3.72332e-02
3.73268e-02
3.75116e-02
3.71348e-02
3.83142e-02
3.76863e-02
3.73654e-02
3.71256e-02
3.73502e-02
3.74345e-02
3.67692e-02
3.70447e-02
3.68203e-02
3.63273e-02
3.65591e-02
3.68153e-02
3.68093e-02
3.68193e-02
3.76863e-02
3.67501e-02
3.62570e-02
3.61645e-02
3.66555e-02
3.60339e-02
3.66371e-02
3.60085e-02
3.67103e-02
3.62966e-02
3.57995e-02
3.57561e-02
3.59088e-02
3.67503e-02
3.53108e-02
3.52357e-02
3.53434e-02
3.50629e-02
3.51721e-02
3.54969e-02
3.52654e-02
3.44125e-02
3.52045e-02
3.50740e-02
3.43035e-02
3.42520e-02
3.45041e-02
3.40900e-02
3.44502e-02
3.39101e-02
3.36522e-02
3.36513e-02
3.35678e-02
3.38173e-02
3.30399e-02
3.36460e-02
3.35615e-02
3.36130e-02
3.27660e-02
3.25215e-02
3.26303e-02
3.26246e-02
3.22465e-02
3.27598e-02
3.28689e-02
3.23260e-02
3.19775e-02
3.19302e-02
3.20300e-02
3.16890e-02
3.18222e-02
3.17805e-02
3.18321e-02
3.16080e-02
3.15798e-02
3.14748e-02
3.10529e-02
3.11705e-02
3.10354e-02
3.08944e-02
3.08179e-02
3.11075e-02
3.11136e-02
3.11161e-02
3.06929e-02
3.05989e-02
3.07341e-02
3.06133e-02
3.02432e-02
3.04220e-02
3.02223e-02
3.05001e-02
3.01788e-02
3.03985e-02
3.00578e-02
3.00829e-02
3.02030e-02
2.99763e-02
2.99952e-02
2.99752e-02
2.99548e-02
3.00169e-02
2.99145e-02
2.99051e-02
2.98857e-02
2.98883e-02
2.98529e-02
2.96889e-02
2.98475e-02
2.96982e-02
2.99935e-02
2.97458e-02
3.01048e-02
2.98606e-02
3.01173e-02
2.98718e-02
3.02132e-02
2.99279e-02
3.01262e-02
2.99522e-02
3.01692e-02
3.02861e-02
3.01853e-02
3.04031e-02
3.04823e-02
3.05019e-02
3.02075e-02
3.06488e-02
3.06214e-02
3.07860e-02
3.04550e-02
3.11002e-02
3.08400e-02
3.12681e-02
3.07357e-02
3.08859e-02
3.10663e-02
3.11176e-02
3.12672e-02
3.14390e-02
3.14124e-02
3.13887e-02
3.15395e-02
3.19200e-02
3.21923e-02
3.17757e-02
3.21301e-02
3.21886e-02
3.20268e-02
3.21686e-02
3.21519e-02
3.26381e-02
3.26012e-02
3.24014e-02
3.30412e-02
3.27304e-02
3.28750e-02
3.36112e-02
3.31313e-02
3.30011e-02
3.32950e-02
3.37000e-02
3.36906e-02
3.39934e-02
3.40550e-02
3.38009e-02
3.49532e-02
3.42663e-02
3.65512e-02
3.46477e-02
3.42440e-02
3.45339e-02
3.42837e-02
3.45722e-02
3.40167e-02
3.43365e-02
3.46564e-02
3.43214e-02
3.57169e-02
3.48168e-02
3.45479e-02
3.53770e-02
3.50771e-02
3.47847e-02
3.49627e-02
3.51244e-02
3.60150e-02
3.63071e-02
3.50814e-02
3.50592e-02
3.52369e-02
3.60297e-02
3.59179e-02
3.54470e-02
3.56261e-02
3.57646e-02
3.56100e-02
3.60650e-02
3.58978e-02
3.66636e-02
3.55513e-02
3.51573e-02
3.53675e-02
3.58783e-02
3.59580e-02
3.60595e-02
3.65958e-02
