2.17504e-01
1.58167e-01
1.25329e-01
8.85225e-02
6.86339e-02
5.51312e-02
4.65904e-02
3.99126e-02
3.61800e-02
3.32548e-02
3.11902e-02
2.91086e-02
2.77281e-02
2.58272e-02
2.60559e-02
2.53999e-02
2.41068e-02
2.18960e-02
2.11507e-02
2.09115e-02
1.91926e-02
2.23824e-02
1.82633e-02
1.85214e-02
1.73164e-02
1.73948e-02
1.71073e-02
1.81583e-02
1.74842e-02
1.61933e-02
1.58588e-02
1.55724e-02
1.53033e-02
1.54783e-02
1.41235e-02
2.23216e-02
1.50251e-02
1.32765e-02
1.30516e-02
1.35754e-02
1.29887e-02
1.30211e-02
1.30279e-02
1.25903e-02
1.30786e-02
1.16608e-02
1.29944e-02
1.08194e-02
1.14762e-02
1.11925e-02
1.09498e-02
1.16266e-02
1.00511e-02
1.07729e-02
1.01134e-02
1.14077e-02
9.40606e-03
1.00409e-02
9.50242e-03
9.57573e-03
9.41402e-03
8.97816e-03
8.91991e-03
8.94362e-03
8.81215e-03
8.09846e-03
7.86953e-03
8.27675e-03
8.27444e-03
7.84225e-03
7.56401e-03
7.67042e-03
7.42041e-03
7.69112e-03
6.92976e-03
7.22606e-03
6.80640e-03
6.95269e-03
7.02708e-03
6.75769e-03
6.51283e-03
6.66718e-03
6.56932e-03
6.64909e-03
6.42916e-03
6.28488e-03
6.38622e-03
6.05659e-03
6.15315e-03
6.05016e-03
6.08072e-03
5.99485e-03
6.00206e-03
5.82007e-03
5.99104e-03
5.97794e-03
6.03628e-03
5.92560e-03
5.94099e-03
5.74360e-03
6.02946e-03
5.86806e-03
6.01180e-03
5.87163e-03
5.92543e-03
5.84931e-03
6.00151e-03
5.90569e-03
6.15804e-03
5.95940e-03
6.18299e-03
6.08371e-03
6.36958e-03
6.17533e-03
6.31494e-03
6.54246e-03
6.51359e-03
6.71327e-03
6.35213e-03
6.77747e-03
6.51702e-03
6.78511e-03
6.68251e-03
7.33026e-03
7.02913e-03
6.99626e-03
7.36355e-03
7.22699e-03
7.08390e-03
7.08824e-03
7.94588e-03
7.62878e-03
7.52030e-03
7.55331e-03
7.85206e-03
7.91334e-03
8.03063e-03
8.20943e-03
8.06982e-03
8.52796e-03
1.04251e-02
1.07794e-02
9.10723e-03
8.07292e-03
8.35064e-03
9.63755e-03
9.58527e-03
9.19828e-03
9.76691e-03
9.14492e-03
9.15325e-03
9.66716e-03
1.09629e-02
8.58187e-03
1.01564e-02
9.52142e-03
1.06366e-02
1.01619e-02
1.04821e-02
1.12353e-02
1.04511e-02
1.07759e-02
9.88657e-03
1.03116e-02
1.00507e-02
1.03891e-02
1.07919e-02
9.99044e-03
1.36947e-02
1.07360e-02
9.57400e-03
1.01702e-02
1.06093e-02
1.20685e-02
1.26693e-02
9.64998e-03
1.21953e-02
1.39196e-02
1.13743e-02
1.17760e-02
1.34037e-02
1.06425e-02
2.31580e-02
1.38770e-02
1.12581e-02
1.00547e-02
1.03001e-02
1.18015e-02
1.11861e-02
1.16997e-02
1.03303e-02
1.00121e-02
1.11751e-02
1.25560e-02
9.78460e-03
1.03624e-02
1.02641e-02
1.04576e-02
1.49598e-02
9.26571e-03
9.92052e-03
1.06268e-02
1.86878e-02
1.13405e-02
9.57351e-03
1.15485e-02
1.05851e-02
9.32927e-03
1.20180e-02
1.48889e-02
1.00216e-02
9.74840e-03
9.48965e-03
9.69370e-03
9.87919e-03
9.70019e-03
8.51317e-03
8.37305e-03
1.50797e-02
8.66715e-03
8.14999e-03
8.82951e-03
8.06963e-03
1.16769e-02
8.01887e-03
8.67816e-03
7.98732e-03
8.76649e-03
8.14710e-03
8.02832e-03
8.38591e-03
8.66509e-03
6.96390e-03
7.37135e-03
7.65610e-03
7.91868e-03
7.92424e-03
6.62785e-03
7.50519e-03
6.72694e-03
7.26283e-03
6.28663e-03
6.99054e-03
6.06378e-03
6.17090e-03
5.82543e-03
9.74832e-03
6.66459e-03
5.21722e-03
6.23480e-03
5.55758e-03
5.81807e-03
5.69697e-03
5.23303e-03
5.37878e-03
5.49528e-03
4.84196e-03
4.65971e-03
4.99031e-03
4.63747e-03
4.28239e-03
4.59658e-03
5.47667e-03
4.29886e-03
4.47520e-03
4.16791e-03
4.49318e-03
4.17905e-03
3.92019e-03
3.91746e-03
3.58640e-03
3.83166e-03
3.69124e-03
3.58651e-03
3.87145e-03
3.74602e-03
3.63526e-03
3.70438e-03
3.18831e-03
3.16941e-03
3.04720e-03
3.24622e-03
2.99850e-03
3.09683e-03
2.98570e-03
3.20467e-03
3.38400e-03
3.00275e-03
3.10343e-03
3.23231e-03
2.97747e-03
2.86457e-03
3.01216e-03
2.99038e-03
2.93595e-03
2.74513e-03
2.72374e-03
2.71140e-03
2.84187e-03
2.74162e-03
2.83618e-03
2.96584e-03
2.89520e-03
2.71289e-03
2.74726e-03
2.72754e-03
2.80046e-03
2.72823e-03
2.71156e-03
2.97850e-03
2.95634e-03
3.10929e-03
3.35716e-03
3.24864e-03
3.02863e-03
3.07290e-03
2.90370e-03
3.58624e-03
3.33581e-03
3.60506e-03
3.11817e-03
3.39204e-03
4.34675e-03
3.55519e-03
3.65679e-03
3.79691e-03
3.81278e-03
3.78429e-03
4.19183e-03
3.46997e-03
3.75706e-03
4.26335e-03
3.96745e-03
4.06942e-03
6.16423e-03
4.83028e-03
4.90180e-03
4.55324e-03
7.38150e-03
4.56216e-03
4.23030e-03
4.95569e-03
5.38228e-03
4.70307e-03
5.09667e-03
5.47981e-03
7.84390e-03
4.91552e-03
5.12253e-03
6.33783e-03
4.77237e-03
6.55552e-03
6.26707e-03
6.80314e-03
8.08424e-03
7.62548e-03
5.16375e-03
6.34649e-03
5.82316e-03
6.06903e-03
7.97134e-03
7.11992e-03
7.58255e-03
5.96266e-03
6.75631e-03
6.33341e-03
7.16804e-03
8.53879e-03
6.70219e-03
6.74008e-03
1.12378e-02
6.97401e-03
6.74300e-03
7.77912e-03
8.21813e-03
6.70412e-03
1.01043e-02
7.35568e-03
8.54350e-03
7.36265e-03
6.72894e-03
8.31806e-03
7.46766e-03
7.85308e-03
7.04775e-03
8.07299e-03
7.37760e-03
1.22477e-02
6.85179e-03
7.06517e-03
8.13141e-03
7.65239e-03
7.64675e-03
7.88991e-03
7.02329e-03
6.78811e-03
1.06432e-02
6.47841e-03
7.34615e-03
9.40773e-03
8.76006e-03
7.61346e-03
7.33924e-03
1.02897e-02
6.67749e-03
7.78016e-03
6.82270e-03
7.55154e-03
7.96928e-03
7.17967e-03
7.33871e-03
7.70658e-03
7.20478e-03
7.31723e-03
7.33419e-03
6.81968e-03
7.40157e-03
7.91264e-03
8.51863e-03
5.78301e-03
1.16274e-02
6.85012e-03
6.22318e-03
6.65666e-03
8.57636e-03
6.31694e-03
6.35838e-03
5.84521e-03
6.98547e-03
5.52392e-03
6.21479e-03
5.99845e-03
8.62730e-03
8.28217e-03
5.39729e-03
6.42857e-03
5.15921e-03
4.94799e-03
4.68853e-03
4.85223e-03
5.87314e-03
5.01625e-03
5.35733e-03
4.57436e-03
5.10423e-03
4.59410e-03
4.29890e-03
3.85688e-03
4.66300e-03
3.80587e-03
3.96432e-03
4.20885e-03
3.92427e-03
4.35178e-03
4.56060e-03
4.22200e-03
3.16580e-03
5.02263e-03
3.34998e-03
3.17570e-03
3.86278e-03
3.24731e-03
3.04916e-03
3.18680e-03
2.94997e-03
3.10221e-03
2.77472e-03
2.92622e-03
3.85467e-03
2.66779e-03
2.96609e-03
2.69229e-03
2.55726e-03
2.75654e-03
2.45330e-03
2.19228e-03
2.16213e-03
2.20754e-03
2.11243e-03
2.37869e-03
2.10184e-03
2.16449e-03
1.86128e-03
2.45922e-03
1.90852e-03
2.02490e-03
1.98486e-03
1.98601e-03
2.05229e-03
1.92647e-03
1.91910e-03
1.84071e-03
1.83129e-03
1.80294e-03
1.93116e-03
1.84317e-03
1.73111e-03
1.66272e-03
1.76595e-03
1.79840e-03
1.74257e-03
1.92030e-03
1.81612e-03
1.76376e-03
1.76298e-03
1.79689e-03
1.79848e-03
1.83686e-03
2.01149e-03
1.79799e-03
1.91572e-03
1.86262e-03
2.19268e-03
2.03411e-03
2.19130e-03
2.30690e-03
2.62082e-03
1.95978e-03
2.40822e-03
2.21833e-03
2.50505e-03
2.48707e-03
2.89448e-03
2.39256e-03
2.58734e-03
2.71974e-03
2.80532e-03
3.00551e-03
2.42424e-03
3.21954e-03
2.98482e-03
2.88632e-03
3.21647e-03
3.44273e-03
3.12074e-03
3.90608e-03
3.28323e-03
3.45589e-03
3.64482e-03
3.91754e-03
3.99746e-03
3.42275e-03
3.87854e-03
4.42561e-03
4.20789e-03
4.17193e-03
4.89405e-03
4.10018e-03
5.90943e-03
4.04187e-03
4.14843e-03
4.03743e-03
5.32980e-03
5.00264e-03
4.41316e-03
4.68437e-03
5.25221e-03
5.43431e-03
4.57170e-03
6.41378e-03
5.42112e-03
5.40723e-03
4.57823e-03
7.59339e-03
8.01554e-03
6.78496e-03
5.49158e-03
6.23469e-03
5.42154e-03
8.46788e-03
5.80801e-03
6.92737e-03
5.47620e-03
6.47717e-03
5.85919e-03
7.23258e-03
5.10253e-03
6.92679e-03
6.04052e-03
8.30300e-03
7.31997e-03
7.32621e-03
7.24362e-03
6.05948e-03
5.84987e-03
5.60611e-03
1.73064e-02
8.16457e-03
6.76608e-03
6.85718e-03
6.93239e-03
6.66048e-03
1.04800e-02
6.17980e-03
6.62409e-03
6.29073e-03
7.44728e-03
5.91592e-03
6.01127e-03
6.61683e-03
7.22614e-03
7.01640e-03
7.17908e-03
5.95113e-03
1.12570e-02
5.87787e-03
6.10802e-03
6.29623e-03
6.44578e-03
7.24271e-03
6.84102e-03
6.08196e-03
5.70200e-03
5.50020e-03
6.52345e-03
8.29416e-03
6.94109e-03
6.19081e-03
5.65169e-03
5.53420e-03
1.23147e-02
7.46479e-03
5.85883e-03
5.36714e-03
6.13100e-03
5.48412e-03
5.51684e-03
5.24021e-03
5.32023e-03
8.11660e-03
5.64083e-03
4.54389e-03
4.60242e-03
5.36696e-03
4.56580e-03
4.87365e-03
4.41096e-03
4.89726e-03
4.36524e-03
3.96828e-03
4.31795e-03
5.81501e-03
5.39756e-03
3.70351e-03
4.32243e-03
4.55364e-03
4.17696e-03
3.42981e-03
4.14767e-03
3.95664e-03
3.49282e-03
3.50958e-03
3.55276e-03
3.40883e-03
3.49717e-03
3.49394e-03
2.83162e-03
3.12987e-03
3.65383e-03
2.60673e-03
3.27152e-03
2.87208e-03
2.61654e-03
2.41330e-03
2.49054e-03
2.43214e-03
2.46288e-03
2.56237e-03
1.87313e-03
2.36474e-03
2.15341e-03
1.97536e-03
2.05993e-03
1.93078e-03
2.16302e-03
2.03242e-03
1.76418e-03
1.82896e-03
1.79793e-03
1.71986e-03
1.79958e-03
1.71718e-03
1.88802e-03
1.86428e-03
1.69883e-03
1.53056e-03
1.46174e-03
1.51638e-03
1.67995e-03
1.46951e-03
1.54260e-03
1.45063e-03
1.34013e-03
1.32104e-03
1.57086e-03
1.43812e-03
1.53672e-03
1.50092e-03
1.36575e-03
1.27450e-03
1.40571e-03
1.32336e-03
1.27602e-03
1.32860e-03
1.57045e-03
1.60978e-03
1.32986e-03
1.44748e-03
1.40506e-03
1.40448e-03
1.48207e-03
1.59454e-03
1.62037e-03
1.49608e-03
1.70088e-03
1.68784e-03
1.99096e-03
1.65763e-03
1.70149e-03
1.66401e-03
1.85009e-03
2.00753e-03
2.22930e-03
2.03815e-03
1.98434e-03
1.91622e-03
2.28680e-03
2.45606e-03
2.36276e-03
2.59532e-03
2.46226e-03
2.78096e-03
2.79624e-03
2.44589e-03
2.67386e-03
2.91071e-03
4.39013e-03
2.47270e-03
2.87079e-03
2.59243e-03
2.76262e-03
2.82949e-03
3.37649e-03
3.21665e-03
3.68270e-03
3.20573e-03
3.06619e-03
3.60959e-03
3.77318e-03
4.28371e-03
3.60198e-03
6.15128e-03
3.14095e-03
4.00731e-03
3.86357e-03
4.44341e-03
4.37586e-03
4.14328e-03
4.13889e-03
4.31380e-03
4.45982e-03
4.98419e-03
4.30573e-03
5.25769e-03
3.97005e-03
5.39868e-03
4.49460e-03
5.79274e-03
5.05694e-03
5.19115e-03
6.68423e-03
4.81594e-03
7.24095e-03
5.44817e-03
4.92261e-03
6.72479e-03
5.07693e-03
6.40089e-03
4.97647e-03
5.26397e-03
5.04462e-03
4.80628e-03
6.89557e-03
5.46160e-03
7.19359e-03
5.26867e-03
5.99466e-03
7.33945e-03
6.20030e-03
5.17729e-03
5.32493e-03
6.79188e-03
5.64583e-03
6.24458e-03
8.02262e-03
6.43152e-03
6.64117e-03
5.13045e-03
6.22934e-03
6.10118e-03
6.82973e-03
5.30919e-03
5.92142e-03
6.81850e-03
5.13256e-03
6.26461e-03
8.24633e-03
5.44324e-03
8.37006e-03
5.14679e-03
6.40388e-03
4.67933e-03
5.28128e-03
5.36805e-03
6.47914e-03
4.84995e-03
5.39186e-03
5.07500e-03
7.43849e-03
5.91916e-03
4.34617e-03
4.87660e-03
5.13159e-03
6.18599e-03
4.88994e-03
5.29111e-03
6.56673e-03
4.93438e-03
4.10397e-03
5.49191e-03
5.17253e-03
5.38198e-03
3.74984e-03
4.43628e-03
5.01295e-03
4.11911e-03
4.96425e-03
4.03563e-03
4.42806e-03
4.12217e-03
4.32807e-03
3.72880e-03
3.17963e-03
3.76555e-03
3.83823e-03
3.71638e-03
3.07568e-03
2.73746e-03
3.84276e-03
3.10354e-03
2.80247e-03
2.71042e-03
2.79929e-03
2.75243e-03
3.63347e-03
3.64782e-03
3.24929e-03
2.25695e-03
3.43074e-03
2.19618e-03
3.11209e-03
2.21452e-03
2.19433e-03
2.21253e-03
1.89594e-03
2.11030e-03
2.15664e-03
1.64552e-03
2.16825e-03
2.11228e-03
1.90950e-03
2.33885e-03
1.82469e-03
1.62663e-03
1.55292e-03
1.78865e-03
1.67185e-03
1.60326e-03
1.63233e-03
1.66808e-03
1.45292e-03
1.47609e-03
1.50608e-03
1.26056e-03
1.39102e-03
1.29632e-03
1.34228e-03
1.36204e-03
1.38400e-03
1.22582e-03
1.21295e-03
1.28007e-03
1.19491e-03
1.21347e-03
1.19815e-03
1.02398e-03
9.75548e-04
1.19044e-03
1.07086e-03
1.16269e-03
1.02433e-03
1.04212e-03
1.07611e-03
1.14401e-03
1.11632e-03
1.14243e-03
1.38949e-03
1.11478e-03
1.36967e-03
1.21053e-03
1.55145e-03
1.20218e-03
1.26130e-03
1.64227e-03
1.33695e-03
1.33787e-03
1.49609e-03
1.82005e-03
1.36454e-03
1.59241e-03
1.97829e-03
1.54806e-03
1.70365e-03
1.88033e-03
1.76583e-03
1.79277e-03
2.31014e-03
1.77578e-03
1.93568e-03
1.90898e-03
2.08145e-03
2.54488e-03
2.43060e-03
2.36493e-03
2.78125e-03
2.45223e-03
3.05648e-03
2.46577e-03
2.92656e-03
4.41406e-03
2.66680e-03
2.51631e-03
2.73435e-03
2.74425e-03
3.04675e-03
2.71268e-03
2.99709e-03
3.94996e-03
3.54553e-03
4.25679e-03
3.77933e-03
3.15568e-03
4.42620e-03
4.78544e-03
4.34418e-03
3.17130e-03
3.57877e-03
4.49116e-03
4.38409e-03
5.12092e-03
3.56683e-03
5.16465e-03
3.85256e-03
4.34410e-03
4.00523e-03
6.69556e-03
5.16766e-03
4.66540e-03
4.33379e-03
5.96818e-03
4.67543e-03
4.53199e-03
4.07274e-03
7.13451e-03
5.25732e-03
4.27243e-03
4.41221e-03
6.13999e-03
4.79839e-03
6.72123e-03
5.58695e-03
6.42520e-03
6.61798e-03
4.57577e-03
6.30214e-03
5.19725e-03
5.57501e-03
4.67459e-03
5.21954e-03
5.28972e-03
6.15844e-03
5.01297e-03
4.72440e-03
5.83292e-03
5.43743e-03
5.65499e-03
4.91837e-03
6.12128e-03
5.26014e-03
4.83109e-03
