2.89412e-01
2.02599e-01
1.68257e-01
1.55788e-01
1.47071e-01
1.39886e-01
1.32736e-01
1.24754e-01
1.16694e-01
1.10319e-01
1.05343e-01
1.00655e-01
9.62033e-02
9.22101e-02
8.92997e-02
8.63262e-02
8.41032e-02
8.21977e-02
8.02255e-02
7.86075e-02
7.73778e-02
7.62636e-02
7.51658e-02
7.49389e-02
7.28680e-02
7.19790e-02
7.12182e-02
7.05450e-02
6.97773e-02
6.88797e-02
6.86266e-02
6.78333e-02
6.77144e-02
6.68396e-02
6.57232e-02
6.51086e-02
6.46180e-02
6.41417e-02
6.40228e-02
6.33170e-02
6.24378e-02
6.18442e-02
6.14841e-02
6.08483e-02
6.04589e-02
6.06324e-02
5.93736e-02
5.89604e-02
5.86031e-02
5.80001e-02
5.75676e-02
5.71074e-02
5.68471e-02
5.63536e-02
5.62347e-02
5.53662e-02
5.51583e-02
5.52387e-02
5.45381e-02
5.45351e-02
5.38388e-02
5.36296e-02
5.33423e-02
5.33554e-02
5.24977e-02
5.24104e-02
5.22090e-02
5.20808e-02
5.17661e-02
5.14179e-02
5.11173e-02
5.12329e-02
5.12652e-02
5.07410e-02
5.07242e-02
5.07777e-02
5.05691e-02
5.00516e-02
5.00879e-02
4.97197e-02
4.99203e-02
4.95721e-02
4.97532e-02
4.92947e-02
4.92914e-02
4.92245e-02
4.91573e-02
4.91316e-02
4.88263e-02
4.87907e-02
4.87741e-02
4.89103e-02
4.88013e-02
4.86644e-02
4.87234e-02
4.87699e-02
4.87121e-02
4.86933e-02
4.89076e-02
4.87485e-02
4.87700e-02
4.89038e-02
4.88557e-02
4.89156e-02
4.86221e-02
4.88502e-02
4.91150e-02
4.89142e-02
4.87413e-02
4.89539e-02
4.88267e-02
4.89072e-02
4.90013e-02
4.90186e-02
4.89078e-02
4.89181e-02
4.91040e-02
4.89472e-02
4.92217e-02
4.89582e-02
4.91619e-02
4.87387e-02
4.91234e-02
4.92000e-02
4.90155e-02
4.91472e-02
4.87208e-02
4.88587e-02
4.93319e-02
4.94247e-02
4.88522e-02
4.90813e-02
4.92551e-02
4.88733e-02
4.89339e-02
4.93742e-02
4.90761e-02
4.95424e-02
4.86631e-02
4.93852e-02
4.88770e-02
4.92750e-02
4.85937e-02
4.87677e-02
4.86014e-02
4.94262e-02
4.86766e-02
4.91605e-02
4.85819e-02
4.85544e-02
4.87198e-02
4.83630e-02
4.87719e-02
4.86159e-02
4.84524e-02
4.83747e-02
4.86753e-02
4.86283e-02
4.86263e-02
4.83145e-02
4.87712e-02
4.79852e-02
4.77339e-02
4.80797e-02
4.76128e-02
4.72845e-02
4.75434e-02
4.76277e-02
4.81719e-02
4.78286e-02
4.68605e-02
4.67764e-02
4.71588e-02
4.69665e-02
4.76988e-02
4.69394e-02
4.65899e-02
4.65929e-02
4.59755e-02
4.66811e-02
4.61470e-02
4.61201e-02
4.58243e-02
4.71973e-02
4.70719e-02
4.52128e-02
4.50174e-02
4.52849e-02
4.48762e-02
4.59985e-02
4.45953e-02
4.50407e-02
4.41249e-02
4.49060e-02
4.50636e-02
4.42090e-02
4.40575e-02
4.42351e-02
4.42710e-02
4.45884e-02
4.34870e-02
4.28461e-02
4.33029e-02
4.28375e-02
4.24739e-02
4.29472e-02
4.22151e-02
4.22874e-02
4.26097e-02
4.18537e-02
4.16044e-02
4.15663e-02
4.12761e-02
4.11685e-02
4.10538e-02
4.09935e-02
4.12859e-02
4.12932e-02
4.00174e-02
4.00990e-02
3.96409e-02
3.95174e-02
4.03378e-02
3.96642e-02
3.98037e-02
3.91141e-02
3.85801e-02
3.85427e-02
3.88185e-02
3.86425e-02
3.84171e-02
3.71390e-02
3.76336e-02
3.78384e-02
3.73665e-02
3.72201e-02
3.71894e-02
3.70351e-02
3.67187e-02
3.64337e-02
3.66501e-02
3.54604e-02
3.55949e-02
3.54539e-02
3.53691e-02
3.58145e-02
3.51675e-02
3.49324e-02
3.48401e-02
3.45277e-02
3.41850e-02
3.40629e-02
3.37860e-02
3.37170e-02
3.39365e-02
3.39488e-02
3.31455e-02
3.27904e-02
3.32235e-02
3.36033e-02
3.36140e-02
3.26245e-02
3.18922e-02
3.22449e-02
3.22857e-02
3.25085e-02
3.16704e-02
3.17919e-02
3.14239e-02
3.13279e-02
3.09932e-02
3.13960e-02
3.09867e-02
3.09694e-02
3.10059e-02
3.07674e-02
3.08135e-02
3.08552e-02
3.04762e-02
3.07352e-02
3.06135e-02
2.99970e-02
3.05276e-02
3.02533e-02
3.02184e-02
3.01490e-02
3.01585e-02
3.00299e-02
3.02278e-02
2.99940e-02
2.99555e-02
2.94958e-02
2.99083e-02
2.97345e-02
2.98933e-02
2.94671e-02
2.98577e-02
2.99938e-02
2.98298e-02
3.00463e-02
2.96516e-02
2.96481e-02
2.97238e-02
2.97223e-02
2.95335e-02
2.97134e-02
3.01345e-02
2.97709e-02
2.95492e-02
3.01730e-02
3.02573e-02
2.99420e-02
2.98482e-02
3.00708e-02
2.98177e-02
3.04241e-02
3.00666e-02
3.06687e-02
3.02565e-02
3.00710e-02
3.01405e-02
3.05240e-02
3.11599e-02
3.06938e-02
3.05280e-02
3.04841e-02
3.07457e-02
3.06577e-02
3.12245e-02
3.06460e-02
3.12874e-02
3.07626e-02
3.07721e-02
3.12980e-02
3.16821e-02
3.11844e-02
3.21904e-02
3.16846e-02
3.11870e-02
3.10962e-02
3.20702e-02
3.15963e-02
3.20207e-02
3.17008e-02
3.15961e-02
3.21931e-02
3.22522e-02
3.28545e-02
3.24138e-02
3.29661e-02
3.23251e-02
3.27699e-02
3.25909e-02
3.24692e-02
3.26846e-02
3.32939e-02
3.34804e-02
3.33775e-02
3.32609e-02
3.36232e-02
3.69120e-02
3.40266e-02
3.44141e-02
3.34130e-02
3.38069e-02
3.32310e-02
3.39563e-02
3.32698e-02
3.45849e-02
3.35101e-02
3.34761e-02
3.38254e-02
3.44060e-02
3.45890e-02
3.37767e-02
3.40647e-02
3.35267e-02
3.39690e-02
3.49313e-02
3.41227e-02
3.61760e-02
3.44091e-02
3.39998e-02
3.37861e-02
3.38854e-02
3.48600e-02
3.36053e-02
3.47666e-02
3.44243e-02
3.37140e-02
3.38259e-02
3.39691e-02
3.43731e-02
3.39608e-02
3.42498e-02
3.40150e-02
3.45225e-02
3.34323e-02
3.27650e-02
3.28246e-02
3.23339e-02
3.35957e-02
3.33921e-02
3.31911e-02
3.32130e-02
3.30162e-02
3.30973e-02
3.24319e-02
3.24358e-02
3.21098e-02
3.28638e-02
3.25557e-02
3.20509e-02
3.15540e-02
3.17695e-02
3.15995e-02
3.15362e-02
3.25840e-02
3.09449e-02
3.07862e-02
3.08900e-02
3.11967e-02
3.14649e-02
3.09315e-02
3.03210e-02
3.02777e-02
2.98378e-02
3.11312e-02
3.02019e-02
3.03597e-02
2.97301e-02
2.98592e-02
3.03206e-02
2.97950e-02
2.92960e-02
2.93152e-02
2.85253e-02
2.87605e-02
2.87639e-02
2.94883e-02
2.80341e-02
2.80731e-02
2.82407e-02
2.82028e-02
2.74495e-02
2.82420e-02
2.79473e-02
2.78932e-02
2.75562e-02
2.76968e-02
2.70375e-02
2.69083e-02
2.66330e-02
2.64117e-02
2.65881e-02
2.65654e-02
2.65422e-02
2.62736e-02
2.66326e-02
2.61805e-02
2.57255e-02
2.59605e-02
2.51976e-02
2.57244e-02
2.51713e-02
2.48001e-02
2.54103e-02
2.52148e-02
2.50552e-02
2.48079e-02
2.51129e-02
2.43721e-02
2.43423e-02
2.44952e-02
2.45610e-02
2.37334e-02
2.45735e-02
2.42570e-02
2.38331e-02
2.42620e-02
2.37171e-02
2.37287e-02
2.37172e-02
2.35001e-02
2.41755e-02
2.36012e-02
2.34304e-02
2.36543e-02
2.33069e-02
2.35066e-02
2.34132e-02
2.33166e-02
2.33275e-02
2.31099e-02
2.34115e-02
2.32847e-02
2.33119e-02
2.31042e-02
2.33234e-02
2.34307e-02
2.29880e-02
2.34561e-02
2.32251e-02
2.30532e-02
2.37901e-02
2.32304e-02
2.32441e-02
2.35066e-02
2.34920e-02
2.31003e-02
2.34713e-02
2.32355e-02
2.31503e-02
2.35173e-02
2.36056e-02
2.34152e-02
2.36323e-02
2.42333e-02
2.38346e-02
2.36812e-02
2.37534e-02
2.38917e-02
2.39823e-02
2.37492e-02
2.38731e-02
2.44722e-02
2.39601e-02
2.36734e-02
2.44126e-02
2.47382e-02
2.47659e-02
2.54536e-02
2.47297e-02
2.52556e-02
2.50804e-02
2.52980e-02
2.49063e-02
2.51993e-02
2.54664e-02
2.55155e-02
2.52614e-02
2.57293e-02
2.61551e-02
2.60892e-02
2.60739e-02
2.59983e-02
2.79057e-02
2.64736e-02
2.60612e-02
2.71029e-02
2.60734e-02
2.67349e-02
2.71030e-02
2.64015e-02
2.62053e-02
2.67854e-02
2.70437e-02
2.71018e-02
2.83277e-02
2.74376e-02
2.78752e-02
2.70720e-02
2.94558e-02
2.75102e-02
2.81572e-02
2.76615e-02
2.75390e-02
2.80236e-02
2.80934e-02
2.79314e-02
2.87120e-02
3.01097e-02
2.86812e-02
2.89935e-02
3.09549e-02
2.82797e-02
2.85928e-02
2.88664e-02
2.93555e-02
2.89762e-02
2.83241e-02
3.09482e-02
2.91783e-02
2.88604e-02
2.86881e-02
2.89249e-02
2.98593e-02
2.91687e-02
2.87018e-02
2.90740e-02
2.86875e-02
2.91962e-02
2.91287e-02
2.88758e-02
2.85067e-02
3.18182e-02
2.96041e-02
2.82238e-02
2.85105e-02
2.83822e-02
2.82616e-02
2.84513e-02
2.93589e-02
2.85782e-02
2.94328e-02
2.84092e-02
2.89355e-02
2.86552e-02
2.77176e-02
2.75998e-02
2.81532e-02
2.85873e-02
2.83187e-02
2.80214e-02
2.76257e-02
2.78228e-02
2.75755e-02
2.71333e-02
2.78565e-02
2.76992e-02
2.70748e-02
2.78437e-02
2.83661e-02
2.70005e-02
2.74572e-02
2.66428e-02
2.69711e-02
2.70281e-02
2.65071e-02
2.62097e-02
2.59591e-02
2.57118e-02
2.59613e-02
2.55189e-02
2.54991e-02
2.55105e-02
2.50988e-02
2.47920e-02
2.52849e-02
2.58424e-02
2.47600e-02
2.51627e-02
2.41000e-02
2.47638e-02
2.38355e-02
2.34876e-02
2.37329e-02
2.33575e-02
2.35902e-02
2.34463e-02
2.39677e-02
2.28924e-02
2.35196e-02
2.33507e-02
2.33237e-02
2.27205e-02
2.24247e-02
2.21886e-02
2.22645e-02
2.20041e-02
2.29889e-02
2.26404e-02
2.33959e-02
2.28549e-02
2.28102e-02
2.23517e-02
2.18132e-02
2.13525e-02
2.14854e-02
2.17262e-02
2.11590e-02
2.06862e-02
2.10238e-02
2.15241e-02
2.06892e-02
2.08868e-02
2.14386e-02
2.07995e-02
2.07440e-02
2.10802e-02
2.05646e-02
2.08787e-02
2.04714e-02
2.04409e-02
2.00759e-02
2.04762e-02
2.01379e-02
2.05389e-02
2.02329e-02
1.99870e-02
2.07651e-02
1.99849e-02
2.03340e-02
2.01331e-02
2.01355e-02
1.99070e-02
1.97766e-02
1.98708e-02
2.01482e-02
1.98175e-02
2.03026e-02
1.99323e-02
1.98292e-02
2.02125e-02
2.01302e-02
1.98778e-02
2.04679e-02
1.98596e-02
1.99950e-02
1.99773e-02
1.99565e-02
2.01113e-02
2.00232e-02
2.00496e-02
2.04528e-02
1.99890e-02
2.00999e-02
2.02866e-02
2.06469e-02
2.04499e-02
2.06054e-02
2.05693e-02
2.09188e-02
2.07805e-02
2.09270e-02
2.08701e-02
2.16792e-02
2.09172e-02
2.15318e-02
2.16372e-02
2.11293e-02
2.13180e-02
2.10969e-02
2.15820e-02
2.18793e-02
2.15689e-02
2.21979e-02
2.23862e-02
2.17188e-02
2.21984e-02
2.22010e-02
2.22124e-02
2.26295e-02
2.28043e-02
2.36015e-02
2.30061e-02
2.26260e-02
2.31240e-02
2.32863e-02
2.40052e-02
2.47523e-02
2.36472e-02
2.37894e-02
2.32340e-02
2.41708e-02
2.40367e-02
2.36884e-02
2.37218e-02
2.41581e-02
2.45321e-02
2.51501e-02
2.43701e-02
2.43470e-02
2.60144e-02
2.59795e-02
2.68307e-02
2.51626e-02
2.54052e-02
2.52106e-02
2.50571e-02
2.53127e-02
2.59166e-02
2.53447e-02
2.70698e-02
2.66183e-02
2.56694e-02
2.64253e-02
2.60328e-02
2.56033e-02
2.62902e-02
2.67841e-02
2.64116e-02
2.66672e-02
2.59638e-02
2.66026e-02
2.62470e-02
2.61914e-02
2.67408e-02
2.67864e-02
2.62939e-02
2.62126e-02
2.74177e-02
2.68496e-02
2.62200e-02
2.66135e-02
2.62869e-02
2.56884e-02
2.67524e-02
2.61770e-02
2.65789e-02
2.55433e-02
2.61744e-02
2.64779e-02
2.60980e-02
2.57777e-02
2.58231e-02
2.59583e-02
2.57738e-02
2.57105e-02
2.54002e-02
2.56984e-02
2.55835e-02
2.69127e-02
2.57013e-02
2.52879e-02
2.64474e-02
2.57101e-02
2.53727e-02
2.46798e-02
2.58614e-02
2.66069e-02
2.54178e-02
2.45647e-02
2.44631e-02
2.42331e-02
2.42339e-02
2.38595e-02
2.42184e-02
2.40024e-02
2.35458e-02
2.33373e-02
2.38078e-02
2.35479e-02
2.31839e-02
2.32090e-02
2.37602e-02
2.31891e-02
2.27926e-02
2.26869e-02
2.31195e-02
2.21251e-02
2.20606e-02
2.20775e-02
2.18281e-02
2.24101e-02
2.20791e-02
2.20230e-02
2.22474e-02
2.27500e-02
2.21005e-02
2.11714e-02
2.11892e-02
2.12767e-02
2.13972e-02
2.06823e-02
2.04878e-02
2.10192e-02
2.05031e-02
2.06810e-02
2.11769e-02
2.01803e-02
1.98579e-02
2.03702e-02
1.97046e-02
1.99989e-02
1.99306e-02
2.01778e-02
1.98577e-02
1.92920e-02
1.92128e-02
1.89856e-02
1.96950e-02
1.90448e-02
1.88724e-02
1.87668e-02
1.90177e-02
1.85228e-02
1.91328e-02
1.90188e-02
1.86344e-02
1.87617e-02
1.86329e-02
1.83048e-02
1.82914e-02
1.82624e-02
1.81050e-02
1.82059e-02
1.81953e-02
1.85468e-02
1.82567e-02
1.82076e-02
1.81505e-02
1.81679e-02
1.79897e-02
1.79723e-02
1.79406e-02
1.77452e-02
1.78285e-02
1.82906e-02
1.81776e-02
1.78117e-02
1.79072e-02
1.80621e-02
1.79081e-02
1.80391e-02
1.78958e-02
1.80233e-02
1.78897e-02
1.80675e-02
1.82006e-02
1.79691e-02
1.86118e-02
1.81458e-02
1.83955e-02
1.81162e-02
1.82369e-02
1.80475e-02
1.87767e-02
1.85111e-02
1.82229e-02
1.89000e-02
1.88181e-02
1.87975e-02
1.87008e-02
1.87138e-02
1.87111e-02
1.90675e-02
1.94010e-02
1.96196e-02
1.91829e-02
1.99968e-02
1.92861e-02
1.90646e-02
1.98548e-02
2.03173e-02
1.98720e-02
2.00067e-02
1.96854e-02
2.10076e-02
2.07968e-02
2.06128e-02
2.01354e-02
2.06985e-02
2.07145e-02
2.05310e-02
2.16808e-02
2.12735e-02
2.16628e-02
2.16165e-02
2.12875e-02
2.19280e-02
2.19339e-02
2.20103e-02
2.18872e-02
2.19955e-02
2.21765e-02
2.16741e-02
2.29293e-02
2.21505e-02
2.21595e-02
2.28828e-02
2.30823e-02
2.28441e-02
2.25614e-02
2.34264e-02
2.44030e-02
2.39819e-02
2.40806e-02
2.32471e-02
2.38748e-02
2.32367e-02
2.36536e-02
2.39445e-02
2.47515e-02
2.35398e-02
2.37829e-02
2.38412e-02
2.45307e-02
2.38539e-02
2.43004e-02
2.38792e-02
2.40649e-02
2.54186e-02
2.45019e-02
2.55580e-02
2.43794e-02
2.44781e-02
2.50630e-02
2.49730e-02
2.54268e-02
2.43358e-02
2.44682e-02
2.46643e-02
2.49530e-02
2.50502e-02
2.58041e-02
2.49298e-02
2.44586e-02
2.41740e-02
2.43652e-02
