2.60636e-01
1.76107e-01
1.61542e-01
1.53933e-01
1.34967e-01
1.11488e-01
9.83264e-02
9.16180e-02
8.56482e-02
7.82723e-02
7.04674e-02
6.36433e-02
5.91112e-02
5.40401e-02
5.03992e-02
4.78636e-02
4.53317e-02
4.28279e-02
4.02885e-02
3.86616e-02
3.73400e-02
3.56024e-02
3.49781e-02
3.38484e-02
3.22299e-02
3.19621e-02
3.02553e-02
3.00355e-02
2.85678e-02
2.85465e-02
2.76510e-02
2.66964e-02
2.70205e-02
2.59445e-02
2.49445e-02
2.57044e-02
2.36188e-02
2.43623e-02
2.20277e-02
2.43066e-02
2.12546e-02
2.09113e-02
2.12672e-02
1.99006e-02
2.06328e-02
1.96327e-02
1.91015e-02
1.95124e-02
1.91500e-02
1.78382e-02
1.81176e-02
1.73762e-02
1.84007e-02
1.74771e-02
1.70758e-02
1.56663e-02
1.60348e-02
1.57720e-02
1.59872e-02
1.51972e-02
1.51535e-02
1.70442e-02
1.42584e-02
1.43336e-02
1.42849e-02
1.38472e-02
1.44969e-02
1.38045e-02
1.39960e-02
1.34815e-02
1.39111e-02
1.32885e-02
1.35652e-02
1.34162e-02
1.28584e-02
1.29433e-02
1.32751e-02
1.24153e-02
1.23476e-02
1.22651e-02
1.21075e-02
1.19420e-02
1.19564e-02
1.21537e-02
1.21313e-02
1.17160e-02
1.16347e-02
1.16116e-02
1.16038e-02
1.16905e-02
1.15390e-02
1.14085e-02
1.14974e-02
1.14315e-02
1.13821e-02
1.15055e-02
1.13480e-02
1.15360e-02
1.13259e-02
1.15893e-02
1.13586e-02
1.14082e-02
1.13461e-02
1.13535e-02
1.15296e-02
1.12239e-02
1.14696e-02
1.15533e-02
1.13835e-02
1.15046e-02
1.13760e-02
1.16051e-02
1.15459e-02
1.13692e-02
1.17960e-02
1.15736e-02
1.17312e-02
1.21052e-02
1.16987e-02
1.11776e-02
1.15460e-02
1.20208e-02
1.21686e-02
1.26394e-02
1.20859e-02
1.19179e-02
1.26610e-02
1.20053e-02
1.20635e-02
1.24521e-02
1.38747e-02
1.33711e-02
1.24744e-02
1.27982e-02
1.23888e-02
1.32997e-02
1.21423e-02
1.32456e-02
1.31454e-02
1.40866e-02
1.29366e-02
1.32737e-02
1.32006e-02
1.31089e-02
1.34198e-02
1.36542e-02
1.35843e-02
1.28195e-02
1.39591e-02
1.37995e-02
1.37681e-02
1.80544e-02
1.26473e-02
1.94624e-02
1.50881e-02
1.33007e-02
1.34092e-02
1.27446e-02
1.62693e-02
1.30198e-02
1.43949e-02
1.34137e-02
1.67589e-02
1.90023e-02
1.41814e-02
1.31735e-02
1.39036e-02
1.63271e-02
1.34467e-02
1.34726e-02
1.86142e-02
1.73032e-02
1.33672e-02
1.38020e-02
1.54935e-02
1.37528e-02
1.59131e-02
1.39187e-02
1.37407e-02
1.37024e-02
1.84850e-02
1.39013e-02
1.36102e-02
1.85340e-02
1.47941e-02
1.58735e-02
2.00632e-02
1.34402e-02
1.30985e-02
1.31864e-02
1.44893e-02
1.37010e-02
1.33859e-02
1.58352e-02
1.57355e-02
1.27167e-02
1.42263e-02
1.14947e-02
1.87752e-02
1.34639e-02
1.26383e-02
1.42357e-02
1.32464e-02
1.35220e-02
1.35159e-02
1.30040e-02
1.30527e-02
1.17663e-02
1.23292e-02
1.41581e-02
1.55602e-02
1.24767e-02
1.20754e-02
1.25733e-02
2.10707e-02
1.77438e-02
1.37747e-02
1.23787e-02
1.08681e-02
1.05693e-02
1.36647e-02
1.03863e-02
1.11883e-02
1.28439e-02
1.33933e-02
1.09682e-02
1.03112e-02
1.17628e-02
1.04030e-02
1.08412e-02
9.92595e-03
1.02776e-02
9.22965e-03
9.48323e-03
9.73668e-03
9.44396e-03
9.03816e-03
1.06818e-02
1.00887e-02
9.05434e-03
9.18893e-03
9.22546e-03
8.17018e-03
8.26330e-03
8.97577e-03
8.37247e-03
8.68036e-03
8.62102e-03
7.80768e-03
6.92832e-03
9.85152e-03
8.82822e-03
7.70210e-03
7.56558e-03
1.07105e-02
1.16445e-02
8.10056e-03
7.60846e-03
7.07136e-03
6.73762e-03
6.89699e-03
6.67266e-03
6.88519e-03
6.25267e-03
6.89813e-03
6.58219e-03
5.80888e-03
5.48111e-03
5.43104e-03
6.19001e-03
5.46163e-03
5.44531e-03
5.79056e-03
5.44048e-03
5.51321e-03
5.23550e-03
5.94411e-03
4.99118e-03
5.01176e-03
5.08867e-03
5.01470e-03
4.68218e-03
5.21595e-03
4.87863e-03
4.84226e-03
4.77304e-03
4.81930e-03
4.71954e-03
4.62848e-03
4.37837e-03
4.44451e-03
4.62782e-03
4.32343e-03
4.38484e-03
4.29600e-03
4.63480e-03
4.59753e-03
4.24713e-03
4.38437e-03
4.36063e-03
4.31540e-03
4.19500e-03
4.50760e-03
4.33012e-03
4.63344e-03
4.25079e-03
4.49776e-03
4.33841e-03
4.48186e-03
4.22331e-03
4.52796e-03
4.46029e-03
4.57298e-03
4.43533e-03
5.03359e-03
5.15507e-03
5.20218e-03
4.63844e-03
5.08515e-03
4.65890e-03
5.24361e-03
5.12965e-03
5.18647e-03
5.38458e-03
5.29689e-03
7.31905e-03
6.03586e-03
5.36281e-03
5.78152e-03
6.43416e-03
5.29413e-03
5.52951e-03
5.64835e-03
5.81570e-03
8.23287e-03
6.23492e-03
6.54116e-03
6.71800e-03
7.04754e-03
1.03879e-02
7.23599e-03
7.31857e-03
8.38837e-03
7.75484e-03
9.86520e-03
1.23986e-02
7.79849e-03
7.13310e-03
9.13921e-03
7.43658e-03
8.70744e-03
8.11904e-03
9.02120e-03
8.40896e-03
7.83585e-03
7.57809e-03
8.76382e-03
1.03026e-02
9.55963e-03
8.47048e-03
8.79941e-03
8.91212e-03
8.68139e-03
9.79137e-03
8.93127e-03
8.67848e-03
9.87109e-03
1.50992e-02
2.19599e-02
1.29085e-02
1.13915e-02
9.58761e-03
1.00996e-02
8.81247e-03
9.92491e-03
1.08759e-02
8.86331e-03
1.13027e-02
8.63424e-03
9.62437e-03
8.65254e-03
9.58959e-03
1.05542e-02
1.29656e-02
1.43418e-02
9.88955e-03
9.82052e-03
9.67309e-03
1.02675e-02
9.15794e-03
1.04326e-02
1.06044e-02
1.13258e-02
1.11048e-02
1.03755e-02
1.21444e-02
1.01831e-02
1.00515e-02
1.03481e-02
9.64214e-03
1.04342e-02
2.04070e-02
1.19211e-02
1.04600e-02
9.54161e-03
9.14874e-03
9.30888e-03
1.03831e-02
1.05662e-02
8.14883e-03
1.90294e-02
1.01042e-02
9.23637e-03
8.69592e-03
7.59302e-03
1.15266e-02
8.18473e-03
9.87322e-03
1.18149e-02
9.57945e-03
8.14671e-03
8.29836e-03
1.02897e-02
8.84018e-03
9.12921e-03
7.80062e-03
7.79395e-03
1.25945e-02
8.29982e-03
6.79434e-03
7.30234e-03
7.36458e-03
7.54753e-03
6.83476e-03
6.43743e-03
1.38987e-02
7.39487e-03
6.64481e-03
6.06659e-03
6.18299e-03
6.57447e-03
7.73815e-03
8.50173e-03
6.33824e-03
6.04843e-03
6.73590e-03
6.01838e-03
6.25636e-03
5.09020e-03
5.68260e-03
7.28142e-03
6.93733e-03
5.07452e-03
4.86117e-03
6.30299e-03
4.60891e-03
5.54619e-03
4.80216e-03
5.24162e-03
5.35679e-03
5.00183e-03
4.17616e-03
4.54820e-03
4.42169e-03
4.96609e-03
4.24426e-03
4.79377e-03
4.37959e-03
4.36794e-03
3.85755e-03
3.85003e-03
3.46151e-03
4.18736e-03
3.52856e-03
3.51737e-03
3.99113e-03
4.36749e-03
3.99382e-03
3.31394e-03
3.23742e-03
3.34043e-03
3.38216e-03
3.21296e-03
3.15449e-03
3.14900e-03
3.19572e-03
3.33406e-03
3.14989e-03
3.01244e-03
3.05658e-03
3.07224e-03
2.99209e-03
3.01593e-03
2.98395e-03
3.17372e-03
3.09120e-03
2.95846e-03
3.01809e-03
2.79377e-03
3.12560e-03
2.88137e-03
2.88515e-03
2.76379e-03
2.67608e-03
3.07290e-03
3.04676e-03
2.76639e-03
2.85568e-03
3.03234e-03
2.99701e-03
2.94578e-03
3.51486e-03
3.11906e-03
3.36119e-03
3.35996e-03
3.43173e-03
3.26978e-03
3.16736e-03
3.53482e-03
3.47694e-03
3.48501e-03
3.50377e-03
3.59055e-03
3.53298e-03
4.10853e-03
4.04371e-03
3.78170e-03
4.70902e-03
4.23604e-03
4.56644e-03
4.28709e-03
4.60283e-03
5.05588e-03
4.44272e-03
5.37084e-03
4.55781e-03
5.15675e-03
4.23485e-03
6.29568e-03
5.75580e-03
6.00542e-03
5.54617e-03
5.67251e-03
5.77656e-03
5.37977e-03
8.98061e-03
5.29227e-03
5.49244e-03
5.88939e-03
6.02772e-03
6.10656e-03
5.87201e-03
5.49261e-03
1.64754e-02
8.78212e-03
6.59987e-03
7.32803e-03
5.78711e-03
5.91297e-03
6.73417e-03
7.25132e-03
6.92070e-03
9.34559e-03
6.83893e-03
7.67778e-03
8.23192e-03
7.47648e-03
6.67361e-03
8.09794e-03
1.17938e-02
6.62992e-03
7.17371e-03
7.94933e-03
7.24551e-03
6.89820e-03
1.82424e-02
8.83194e-03
7.36935e-03
7.25059e-03
7.67448e-03
8.72997e-03
1.08735e-02
8.10728e-03
7.30893e-03
8.44755e-03
1.88134e-02
9.99148e-03
7.52526e-03
6.39778e-03
7.46292e-03
7.67851e-03
8.63593e-03
7.08851e-03
8.76319e-03
7.59157e-03
7.63549e-03
7.69745e-03
8.71136e-03
8.96962e-03
1.08646e-02
8.17387e-03
7.75340e-03
8.57301e-03
9.17375e-03
9.39736e-03
7.59060e-03
8.12638e-03
6.86111e-03
9.18148e-03
8.09157e-03
2.04072e-02
1.11263e-02
9.42152e-03
7.31012e-03
8.42032e-03
6.81051e-03
8.15283e-03
6.49226e-03
6.54133e-03
6.91580e-03
7.06568e-03
6.63615e-03
7.55163e-03
1.71686e-02
1.60884e-02
9.33563e-03
6.13346e-03
6.15884e-03
6.10184e-03
6.93585e-03
6.15331e-03
8.00878e-03
9.94670e-03
7.18047e-03
5.62830e-03
5.31155e-03
4.94744e-03
5.13118e-03
5.05410e-03
7.12562e-03
5.82773e-03
4.72778e-03
5.82159e-03
4.04334e-03
4.74280e-03
4.73010e-03
3.91095e-03
6.47923e-03
4.18851e-03
5.13902e-03
3.96149e-03
4.27370e-03
5.43127e-03
3.52724e-03
4.39496e-03
4.16365e-03
3.71396e-03
3.67092e-03
4.80416e-03
4.11119e-03
3.74445e-03
3.91662e-03
3.95895e-03
3.67162e-03
3.58398e-03
3.54937e-03
2.98318e-03
3.25223e-03
2.87806e-03
4.27455e-03
2.94598e-03
2.89646e-03
2.49534e-03
3.06618e-03
3.02963e-03
2.47277e-03
2.87037e-03
2.85309e-03
2.43372e-03
2.70345e-03
2.93380e-03
2.42145e-03
2.49098e-03
2.53541e-03
2.50864e-03
2.51963e-03
2.52613e-03
2.35206e-03
2.40574e-03
2.20382e-03
2.21677e-03
1.85588e-03
2.28796e-03
2.14457e-03
1.96716e-03
2.03116e-03
2.30371e-03
2.23156e-03
1.92609e-03
2.09697e-03
2.05177e-03
2.42610e-03
2.27628e-03
2.17646e-03
2.00346e-03
2.02502e-03
2.01002e-03
2.23045e-03
2.25762e-03
2.13574e-03
2.21247e-03
2.21068e-03
2.29904e-03
2.14257e-03
2.36446e-03
2.57900e-03
2.19556e-03
2.21635e-03
2.49139e-03
2.27634e-03
2.71216e-03
2.50145e-03
2.64706e-03
2.88931e-03
2.86376e-03
2.95687e-03
3.48286e-03
2.93958e-03
2.97854e-03
4.76221e-03
3.08099e-03
3.82919e-03
3.15742e-03
3.25821e-03
7.55098e-03
3.73362e-03
3.96229e-03
3.40904e-03
4.08164e-03
3.95374e-03
5.80479e-03
5.78767e-03
3.28176e-03
4.33125e-03
3.92734e-03
4.78478e-03
3.96220e-03
5.13292e-03
4.36727e-03
4.41366e-03
7.99490e-03
4.44642e-03
6.97356e-03
6.02238e-03
4.80661e-03
1.01541e-02
7.65916e-03
6.55010e-03
6.36423e-03
5.02457e-03
5.81755e-03
7.16075e-03
7.95594e-03
9.32995e-03
5.81472e-03
5.71026e-03
6.24481e-03
5.65929e-03
7.31391e-03
6.42843e-03
7.57387e-03
5.74927e-03
2.93337e-02
2.09710e-02
1.29248e-02
1.00829e-02
8.31258e-03
7.94519e-03
6.96360e-03
7.34624e-03
9.81847e-03
6.93683e-03
1.42961e-02
7.51237e-03
7.67810e-03
8.23248e-03
6.77246e-03
6.59813e-03
8.27953e-03
6.58907e-03
7.73299e-03
6.36089e-03
7.27690e-03
6.77245e-03
7.10597e-03
6.40370e-03
7.68466e-03
7.56269e-03
1.35733e-02
1.69046e-02
8.70487e-03
7.24608e-03
7.93506e-03
8.52133e-03
7.98275e-03
6.54725e-03
6.29940e-03
7.58213e-03
6.41878e-03
6.68617e-03
1.01421e-02
1.13086e-02
8.14184e-03
8.54860e-03
6.39195e-03
5.54774e-03
6.54200e-03
6.69585e-03
5.99280e-03
5.40955e-03
5.73557e-03
6.19670e-03
8.66020e-03
5.84698e-03
8.05931e-03
5.80678e-03
4.92067e-03
9.61647e-03
5.50532e-03
6.00003e-03
5.64684e-03
4.77941e-03
5.14646e-03
4.85204e-03
8.98220e-03
7.25702e-03
4.98427e-03
5.19442e-03
4.96630e-03
3.55408e-03
3.63163e-03
4.44439e-03
3.90085e-03
5.93880e-03
3.55995e-03
4.83377e-03
4.20010e-03
7.39979e-03
3.96818e-03
3.87710e-03
3.72126e-03
3.23685e-03
3.49731e-03
3.98353e-03
3.23933e-03
3.91506e-03
2.97404e-03
3.21444e-03
3.42081e-03
3.27653e-03
3.55340e-03
3.34433e-03
4.09983e-03
2.95630e-03
2.57984e-03
2.76218e-03
2.77740e-03
2.97130e-03
2.54526e-03
2.58362e-03
2.37478e-03
2.62583e-03
2.35931e-03
2.93831e-03
2.60748e-03
2.46926e-03
1.97563e-03
2.29271e-03
1.86245e-03
2.25021e-03
2.07215e-03
2.76138e-03
2.33861e-03
2.36016e-03
2.18852e-03
1.88907e-03
1.85154e-03
1.75815e-03
1.98404e-03
1.79527e-03
1.62006e-03
1.87172e-03
1.75777e-03
1.66825e-03
1.74497e-03
1.65681e-03
1.70722e-03
1.70335e-03
1.71842e-03
1.59025e-03
1.56546e-03
1.67219e-03
1.74098e-03
1.55549e-03
1.70751e-03
1.77519e-03
1.66139e-03
1.91689e-03
1.84600e-03
1.62184e-03
1.68342e-03
1.62270e-03
1.90861e-03
1.87396e-03
1.81216e-03
1.73784e-03
1.89946e-03
2.35500e-03
2.37075e-03
2.14388e-03
1.97357e-03
2.15351e-03
2.19516e-03
2.22418e-03
3.10983e-03
2.62579e-03
2.64059e-03
2.19656e-03
3.53229e-03
2.95230e-03
3.62465e-03
3.28083e-03
3.32442e-03
2.85000e-03
3.45413e-03
3.09781e-03
5.20244e-03
3.72317e-03
3.00607e-03
3.05495e-03
4.00617e-03
3.43454e-03
4.15678e-03
4.06312e-03
4.41370e-03
4.82083e-03
5.78878e-03
4.78638e-03
3.47914e-03
5.36629e-03
4.28211e-03
4.49187e-03
4.28275e-03
4.75334e-03
5.99665e-03
4.67554e-03
5.61015e-03
4.77338e-03
4.38190e-03
5.03843e-03
5.09062e-03
6.08073e-03
5.12057e-03
5.38933e-03
1.02446e-02
5.02935e-03
5.68690e-03
5.54224e-03
7.77534e-03
7.48481e-03
6.75477e-03
7.41475e-03
5.57988e-03
6.86338e-03
5.18113e-03
5.84555e-03
1.74057e-02
8.15678e-03
5.91389e-03
5.26120e-03
9.25339e-03
5.46188e-03
9.18666e-03
7.50260e-03
5.68734e-03
7.38824e-03
5.86651e-03
5.73000e-03
6.71265e-03
6.21496e-03
7.20050e-03
6.43001e-03
7.49614e-03
8.43922e-03
6.29190e-03
5.75522e-03
7.02860e-03
7.10239e-03
7.08218e-03
2.14654e-02
