2.67868e-01
1.77976e-01
1.65238e-01
1.57197e-01
1.40851e-01
1.17442e-01
1.01996e-01
9.36147e-02
8.68887e-02
8.01258e-02
7.30825e-02
6.77523e-02
6.20383e-02
5.71555e-02
5.28155e-02
4.93537e-02
4.67629e-02
4.38508e-02
4.09872e-02
4.11791e-02
3.75585e-02
3.73254e-02
3.39313e-02
3.31925e-02
3.28400e-02
3.14962e-02
3.01536e-02
3.00116e-02
2.76000e-02
2.70304e-02
2.64873e-02
2.56822e-02
2.58263e-02
2.43833e-02
2.45132e-02
2.36410e-02
2.31612e-02
2.20917e-02
2.24387e-02
2.11546e-02
2.01883e-02
1.98837e-02
1.93803e-02
1.98974e-02
1.99386e-02
1.82748e-02
1.87280e-02
1.79036e-02
1.69523e-02
1.68206e-02
1.78230e-02
1.66179e-02
1.80352e-02
1.72124e-02
1.60909e-02
1.48825e-02
1.54809e-02
1.56426e-02
1.44490e-02
1.44276e-02
1.42324e-02
1.52533e-02
1.41002e-02
1.38672e-02
1.37881e-02
1.34118e-02
1.34472e-02
1.33729e-02
1.26958e-02
1.26574e-02
1.27229e-02
1.27059e-02
1.26002e-02
1.32001e-02
1.30569e-02
1.22350e-02
1.23983e-02
1.27303e-02
1.21606e-02
1.15648e-02
1.15657e-02
1.15383e-02
1.17720e-02
1.15460e-02
1.12874e-02
1.14310e-02
1.11769e-02
1.12356e-02
1.12915e-02
1.12116e-02
1.10805e-02
1.15044e-02
1.11597e-02
1.09695e-02
1.14456e-02
1.11233e-02
1.11779e-02
1.10645e-02
1.11187e-02
1.11882e-02
1.11177e-02
1.09813e-02
1.10948e-02
1.12002e-02
1.12049e-02
1.08575e-02
1.10016e-02
1.09244e-02
1.09245e-02
1.11379e-02
1.13148e-02
1.14143e-02
1.11298e-02
1.13925e-02
1.12009e-02
1.11140e-02
1.11544e-02
1.10780e-02
1.16834e-02
1.15773e-02
1.15977e-02
1.14010e-02
1.13858e-02
1.17522e-02
1.17314e-02
1.16589e-02
1.17133e-02
1.17103e-02
1.16653e-02
1.23218e-02
1.19313e-02
1.21763e-02
1.29088e-02
1.21989e-02
1.21658e-02
1.23147e-02
1.26256e-02
1.25024e-02
1.24309e-02
1.23293e-02
1.38470e-02
1.22902e-02
1.25621e-02
1.27104e-02
1.40657e-02
1.48216e-02
1.30776e-02
1.27008e-02
1.45810e-02
1.30430e-02
1.43019e-02
1.42664e-02
1.52260e-02
1.78436e-02
1.33642e-02
1.65267e-02
1.30412e-02
1.55615e-02
1.43727e-02
1.49814e-02
1.46949e-02
1.51685e-02
1.61654e-02
1.30629e-02
1.32745e-02
1.35575e-02
1.38547e-02
1.31763e-02
1.34942e-02
1.40523e-02
1.41712e-02
1.91519e-02
1.68986e-02
1.33781e-02
1.35707e-02
1.40291e-02
1.48395e-02
1.65032e-02
1.55338e-02
1.71293e-02
1.28112e-02
2.01599e-02
1.46232e-02
1.30600e-02
1.63912e-02
1.87277e-02
1.31479e-02
2.35654e-02
2.51972e-02
1.77554e-02
1.52590e-02
1.35311e-02
1.39472e-02
1.33661e-02
1.56881e-02
1.52586e-02
1.32509e-02
1.28306e-02
1.32725e-02
1.33282e-02
1.39794e-02
1.25517e-02
1.29477e-02
1.26935e-02
1.50797e-02
1.74154e-02
1.18310e-02
1.14790e-02
1.26274e-02
1.13350e-02
1.29120e-02
1.49686e-02
1.34073e-02
1.12749e-02
1.20145e-02
1.22922e-02
1.55920e-02
1.43006e-02
1.08306e-02
1.00789e-02
1.39178e-02
1.22817e-02
1.10427e-02
1.15033e-02
1.44695e-02
1.79694e-02
1.14643e-02
1.01755e-02
9.01173e-03
9.92118e-03
1.03943e-02
9.71812e-03
9.12086e-03
2.05945e-02
1.15031e-02
9.71863e-03
1.00492e-02
9.83371e-03
8.90423e-03
1.01002e-02
8.91628e-03
8.63950e-03
9.14311e-03
8.80498e-03
8.76879e-03
7.78522e-03
7.39488e-03
8.45764e-03
7.57318e-03
6.83670e-03
6.83324e-03
7.22216e-03
7.60991e-03
8.33502e-03
7.02089e-03
6.73398e-03
7.05592e-03
7.28025e-03
6.82370e-03
1.10145e-02
8.54957e-03
6.88293e-03
6.94226e-03
6.39050e-03
6.01772e-03
5.63211e-03
5.91580e-03
6.08098e-03
5.17984e-03
5.20412e-03
5.27891e-03
5.13096e-03
5.75214e-03
5.96840e-03
4.73529e-03
4.91942e-03
5.09871e-03
4.89078e-03
4.77497e-03
4.56691e-03
5.03197e-03
4.48744e-03
4.77876e-03
4.31881e-03
4.47965e-03
4.64169e-03
4.23527e-03
4.53432e-03
4.25241e-03
4.21893e-03
4.20609e-03
4.13594e-03
4.00058e-03
4.17270e-03
4.10952e-03
4.13635e-03
4.21854e-03
4.37101e-03
4.21229e-03
3.95093e-03
4.16343e-03
4.10928e-03
4.27624e-03
3.93679e-03
4.02563e-03
3.97125e-03
3.88379e-03
4.13952e-03
4.17614e-03
4.17157e-03
4.13993e-03
4.24446e-03
4.24961e-03
4.22373e-03
4.44877e-03
4.13936e-03
4.22642e-03
4.40728e-03
4.58615e-03
5.08329e-03
4.98152e-03
4.65879e-03
5.35059e-03
7.16672e-03
6.27466e-03
5.29843e-03
5.30827e-03
5.39650e-03
5.21001e-03
6.03144e-03
6.11423e-03
5.75448e-03
5.22197e-03
6.35797e-03
5.58147e-03
7.11684e-03
5.50837e-03
8.47539e-03
6.38935e-03
6.59480e-03
6.14798e-03
6.58283e-03
7.69140e-03
7.38818e-03
5.86462e-03
6.32191e-03
7.40897e-03
7.07839e-03
7.02389e-03
8.69264e-03
8.33512e-03
8.01421e-03
7.60890e-03
1.09717e-02
8.40863e-03
7.82523e-03
8.01109e-03
8.03133e-03
8.60246e-03
8.35457e-03
7.84183e-03
9.35135e-03
1.00745e-02
8.19703e-03
9.11174e-03
1.01422e-02
1.55344e-02
9.61945e-03
7.65605e-03
7.86275e-03
1.19125e-02
8.92600e-03
1.00502e-02
7.89055e-03
1.17752e-02
9.86869e-03
9.15591e-03
9.39853e-03
1.36095e-02
1.83773e-02
1.04732e-02
9.61837e-03
9.67026e-03
9.34400e-03
1.05093e-02
1.52094e-02
8.76940e-03
9.35733e-03
1.00378e-02
1.08650e-02
2.30037e-02
1.14990e-02
9.67208e-03
1.00767e-02
1.38601e-02
1.77858e-02
9.97995e-03
9.14478e-03
8.40290e-03
1.02399e-02
1.09601e-02
9.48867e-03
9.67121e-03
1.23354e-02
1.02765e-02
1.10810e-02
8.34377e-03
1.10652e-02
9.81709e-03
7.04286e-03
7.95988e-03
8.07448e-03
1.17699e-02
1.04326e-02
7.71724e-03
6.93623e-03
9.71324e-03
7.99027e-03
9.41834e-03
7.60183e-03
8.36644e-03
7.88036e-03
7.06259e-03
9.18509e-03
9.15940e-03
7.04134e-03
7.40160e-03
1.17478e-02
8.84728e-03
6.87381e-03
7.02491e-03
5.89860e-03
1.08835e-02
6.25779e-03
6.71954e-03
6.41932e-03
6.09945e-03
9.04127e-03
5.65410e-03
6.64725e-03
6.83084e-03
6.26765e-03
8.30563e-03
5.73343e-03
5.13052e-03
5.74395e-03
5.26481e-03
5.54283e-03
5.33373e-03
4.77725e-03
6.52725e-03
5.21607e-03
4.75261e-03
5.23346e-03
6.97916e-03
4.64357e-03
4.80988e-03
4.95365e-03
3.63732e-03
3.93372e-03
4.86848e-03
4.50432e-03
3.66593e-03
4.33879e-03
3.82761e-03
4.56314e-03
3.88707e-03
3.25023e-03
3.40592e-03
4.08353e-03
3.87543e-03
3.43735e-03
3.57547e-03
3.39763e-03
3.45444e-03
3.08718e-03
3.82281e-03
3.32583e-03
2.82417e-03
3.35186e-03
3.34473e-03
3.26142e-03
2.93056e-03
2.84195e-03
3.03664e-03
2.69802e-03
2.65920e-03
2.73390e-03
2.57135e-03
2.58074e-03
2.55811e-03
2.82397e-03
2.78949e-03
2.71465e-03
2.51585e-03
2.62365e-03
2.72886e-03
2.50328e-03
2.43682e-03
2.67471e-03
2.49673e-03
2.48647e-03
2.60438e-03
2.53767e-03
2.60728e-03
2.57888e-03
2.71847e-03
2.77196e-03
2.51413e-03
2.67900e-03
3.11039e-03
2.41148e-03
2.96590e-03
2.74178e-03
2.81110e-03
3.09738e-03
3.19666e-03
3.02860e-03
3.61223e-03
3.57788e-03
3.70834e-03
3.33585e-03
2.91218e-03
3.02487e-03
3.76473e-03
3.50033e-03
3.41826e-03
3.45188e-03
3.50602e-03
4.06646e-03
3.85097e-03
4.04111e-03
4.33515e-03
3.92921e-03
3.80211e-03
1.28998e-02
5.67023e-03
4.66656e-03
4.52921e-03
4.94673e-03
5.34386e-03
4.57595e-03
7.22124e-03
4.78862e-03
4.35140e-03
5.84769e-03
6.02309e-03
6.43189e-03
5.64511e-03
4.84624e-03
6.45791e-03
6.46552e-03
5.85827e-03
6.25043e-03
5.68116e-03
1.02601e-02
5.87700e-03
5.46209e-03
5.43600e-03
7.94815e-03
5.87614e-03
6.73469e-03
6.45279e-03
7.93839e-03
7.68029e-03
8.88410e-03
8.13193e-03
8.46551e-03
7.03324e-03
7.60862e-03
7.38732e-03
1.20040e-02
6.72602e-03
6.24035e-03
1.01985e-02
5.90686e-03
7.45876e-03
6.80143e-03
7.62864e-03
8.63408e-03
7.75054e-03
8.56622e-03
7.36881e-03
1.07380e-02
7.35177e-03
7.62578e-03
7.24402e-03
7.25896e-03
1.30051e-02
7.90214e-03
6.34725e-03
1.71003e-02
8.61697e-03
1.33652e-02
1.69998e-02
8.71543e-03
8.46653e-03
8.05873e-03
7.18465e-03
9.85806e-03
7.67674e-03
6.71453e-03
7.14582e-03
6.70528e-03
9.70080e-03
7.67294e-03
6.13626e-03
6.68469e-03
7.49044e-03
8.18315e-03
9.25468e-03
6.59360e-03
1.01113e-02
1.09603e-02
6.76944e-03
6.87290e-03
6.21296e-03
6.70268e-03
6.32405e-03
1.75840e-02
9.64187e-03
6.61417e-03
1.04615e-02
8.18805e-03
6.53101e-03
6.53332e-03
5.26837e-03
6.08394e-03
5.46197e-03
9.73321e-03
7.47457e-03
5.58164e-03
6.31752e-03
7.67228e-03
5.41882e-03
6.37172e-03
5.11150e-03
5.86824e-03
6.54413e-03
4.44888e-03
4.47895e-03
6.19261e-03
4.72696e-03
5.28898e-03
4.39895e-03
4.85808e-03
4.03408e-03
4.19114e-03
4.11554e-03
3.50052e-03
4.73063e-03
3.94174e-03
3.63095e-03
3.62671e-03
4.60846e-03
4.13976e-03
3.39678e-03
4.00260e-03
4.37857e-03
3.46142e-03
3.54976e-03
3.22602e-03
2.78629e-03
2.91654e-03
3.23722e-03
3.09948e-03
2.74625e-03
2.43328e-03
2.56040e-03
2.52790e-03
2.58181e-03
2.56017e-03
2.42494e-03
2.33857e-03
2.48639e-03
2.42865e-03
2.21123e-03
2.51050e-03
2.52831e-03
2.31593e-03
1.89430e-03
2.26009e-03
2.08039e-03
2.22300e-03
2.26871e-03
2.22568e-03
2.09788e-03
2.14934e-03
2.21692e-03
2.12499e-03
2.11665e-03
1.97815e-03
1.87965e-03
1.88711e-03
1.67069e-03
2.22003e-03
1.91727e-03
1.95772e-03
2.25148e-03
1.73019e-03
1.95139e-03
1.77728e-03
2.20199e-03
1.65715e-03
1.70252e-03
1.77192e-03
1.84412e-03
1.77911e-03
1.99730e-03
1.81504e-03
1.93861e-03
1.90789e-03
2.35426e-03
1.97143e-03
1.98814e-03
2.13878e-03
2.08543e-03
2.07405e-03
2.51480e-03
2.05797e-03
2.54117e-03
2.64608e-03
2.56647e-03
2.37154e-03
2.30222e-03
2.62069e-03
2.55496e-03
2.72900e-03
4.09523e-03
2.95325e-03
3.04358e-03
2.65338e-03
5.42517e-03
3.58569e-03
3.20866e-03
3.49021e-03
3.43161e-03
3.58742e-03
3.28781e-03
4.22490e-03
4.17139e-03
4.36771e-03
3.91628e-03
4.27716e-03
9.18823e-03
4.64471e-03
3.92826e-03
4.25590e-03
5.43963e-03
4.83680e-03
4.63061e-03
4.43205e-03
6.56052e-03
7.74225e-03
5.32419e-03
4.98542e-03
4.44578e-03
4.55428e-03
7.85373e-03
4.44806e-03
5.37142e-03
1.06843e-02
5.88483e-03
7.02528e-03
5.38522e-03
6.24088e-03
6.22006e-03
5.61109e-03
7.48383e-03
8.60079e-03
6.31068e-03
7.21825e-03
1.39771e-02
6.32645e-03
8.56491e-03
5.96876e-03
7.65544e-03
6.48581e-03
4.72056e-03
6.13074e-03
6.91315e-03
1.02443e-02
6.48765e-03
6.17099e-03
5.83125e-03
8.79258e-03
6.32542e-03
7.62141e-03
9.11050e-03
8.58690e-03
6.18826e-03
6.36420e-03
6.77137e-03
6.99348e-03
7.15095e-03
6.57224e-03
1.72864e-02
9.84965e-03
6.91491e-03
6.18286e-03
6.39909e-03
5.76267e-03
1.16633e-02
6.63951e-03
6.00510e-03
6.49300e-03
6.85876e-03
7.42832e-03
7.20292e-03
5.83510e-03
5.58988e-03
6.13638e-03
8.24936e-03
7.88978e-03
5.71136e-03
5.16982e-03
5.07475e-03
6.93392e-03
6.62154e-03
4.48612e-03
4.70771e-03
5.12859e-03
5.05014e-03
6.00346e-03
5.33002e-03
4.95154e-03
5.08809e-03
1.24225e-02
5.59993e-03
5.40569e-03
4.35342e-03
4.70734e-03
5.50894e-03
5.49797e-03
4.20664e-03
4.44119e-03
3.80448e-03
8.45120e-03
4.19161e-03
4.15060e-03
3.81066e-03
4.66012e-03
4.33971e-03
4.14203e-03
4.14118e-03
4.11317e-03
3.66752e-03
3.26910e-03
3.37347e-03
3.10093e-03
3.53513e-03
5.11061e-03
3.04497e-03
3.30997e-03
3.14428e-03
3.53078e-03
3.25671e-03
2.46472e-03
3.50437e-03
2.90392e-03
2.88948e-03
2.43753e-03
2.49489e-03
2.65157e-03
3.34941e-03
2.79197e-03
2.89443e-03
3.13323e-03
2.25850e-03
2.23627e-03
2.42732e-03
2.20114e-03
1.89029e-03
2.15838e-03
1.88699e-03
1.86273e-03
1.76455e-03
2.13937e-03
1.93678e-03
1.71962e-03
2.02734e-03
1.40861e-03
1.46935e-03
1.80427e-03
1.90804e-03
1.58411e-03
2.11961e-03
2.07959e-03
1.34471e-03
1.41897e-03
1.90949e-03
1.51571e-03
1.35761e-03
1.46851e-03
1.50507e-03
1.59260e-03
1.62540e-03
1.42177e-03
1.30396e-03
1.58729e-03
1.34470e-03
1.42936e-03
1.46887e-03
1.47485e-03
1.33899e-03
1.67794e-03
1.56374e-03
1.83559e-03
1.70631e-03
1.77879e-03
1.45202e-03
1.86510e-03
1.80495e-03
1.55191e-03
1.56446e-03
1.55101e-03
1.86553e-03
2.06996e-03
2.17215e-03
2.11889e-03
1.81855e-03
2.06107e-03
2.20877e-03
1.87769e-03
2.31837e-03
2.35425e-03
2.00650e-03
3.03995e-03
2.57755e-03
2.70844e-03
2.74644e-03
2.71813e-03
2.95332e-03
2.22889e-03
4.23617e-03
2.87215e-03
2.40850e-03
3.07796e-03
4.93216e-03
3.83495e-03
3.58459e-03
2.89183e-03
3.21309e-03
3.84207e-03
4.40793e-03
4.52985e-03
4.56253e-03
4.97623e-03
3.72187e-03
6.07019e-03
3.70923e-03
4.01957e-03
3.57468e-03
4.14358e-03
4.53991e-03
8.56001e-03
4.77173e-03
4.58434e-03
4.12738e-03
4.85509e-03
4.99900e-03
4.47122e-03
4.64143e-03
5.25064e-03
7.49895e-03
7.27078e-03
4.40593e-03
4.77357e-03
6.16182e-03
6.75019e-03
5.70598e-03
5.25384e-03
5.38812e-03
5.37124e-03
5.88710e-03
5.36772e-03
6.81005e-03
4.64628e-03
7.37723e-03
5.94447e-03
4.79346e-03
7.09044e-03
8.65669e-03
6.86366e-03
6.01113e-03
6.11406e-03
9.44916e-03
5.15923e-03
1.03921e-02
4.67541e-03
1.38135e-02
6.24036e-03
5.80688e-03
6.01806e-03
1.46154e-02
5.92422e-03
7.16056e-03
6.40523e-03
5.62897e-03
7.90062e-03
