2.56218e-01
1.74108e-01
1.61480e-01
1.55780e-01
1.39602e-01
1.11460e-01
9.62566e-02
8.69750e-02
7.97164e-02
7.21398e-02
6.62685e-02
6.02655e-02
5.48433e-02
5.09033e-02
4.71421e-02
4.30097e-02
3.96970e-02
3.80037e-02
3.58222e-02
3.42546e-02
3.16231e-02
3.01647e-02
2.97732e-02
2.84359e-02
2.66556e-02
2.73620e-02
2.66855e-02
2.31083e-02
2.48438e-02
2.29474e-02
2.18915e-02
2.14669e-02
2.10087e-02
2.11415e-02
2.17686e-02
2.04605e-02
1.87824e-02
1.90945e-02
1.82938e-02
1.76484e-02
1.71006e-02
1.69401e-02
1.67959e-02
1.70136e-02
1.60728e-02
1.61937e-02
1.57674e-02
1.49992e-02
1.54668e-02
1.42870e-02
1.58116e-02
1.34245e-02
1.32406e-02
1.31120e-02
1.31922e-02
1.38859e-02
1.47504e-02
1.24417e-02
1.23809e-02
1.18707e-02
1.21385e-02
1.28685e-02
1.15340e-02
1.10654e-02
1.13962e-02
1.17274e-02
1.06958e-02
1.04740e-02
1.10820e-02
1.05772e-02
1.11175e-02
1.00044e-02
9.91543e-03
9.92026e-03
1.03198e-02
1.04162e-02
9.61773e-03
9.55750e-03
9.20082e-03
9.06513e-03
8.85626e-03
9.03324e-03
8.80002e-03
9.08619e-03
8.62873e-03
9.06605e-03
9.29367e-03
9.14428e-03
8.86520e-03
8.90464e-03
8.85692e-03
8.41906e-03
8.72975e-03
8.46729e-03
8.41520e-03
8.51749e-03
8.29582e-03
8.50684e-03
8.27352e-03
8.35008e-03
8.40148e-03
8.49140e-03
8.69352e-03
8.31515e-03
8.43553e-03
8.54337e-03
8.55146e-03
8.43517e-03
8.54184e-03
8.66886e-03
8.38940e-03
8.55497e-03
8.81788e-03
8.62245e-03
8.80563e-03
9.27908e-03
8.69919e-03
8.82308e-03
8.47605e-03
8.85103e-03
9.26024e-03
8.99382e-03
8.64911e-03
9.52269e-03
9.37987e-03
1.01200e-02
9.82421e-03
9.07734e-03
9.29211e-03
9.78592e-03
9.40052e-03
9.09651e-03
9.41402e-03
1.03875e-02
1.03574e-02
1.04382e-02
1.02760e-02
1.24824e-02
1.17005e-02
1.00409e-02
1.04077e-02
1.02685e-02
1.16315e-02
1.07457e-02
1.21900e-02
1.06061e-02
1.28725e-02
1.35947e-02
1.09604e-02
1.44357e-02
1.10357e-02
1.07623e-02
1.13482e-02
1.29194e-02
1.19421e-02
1.13910e-02
1.14657e-02
1.36670e-02
1.32002e-02
1.21481e-02
1.18901e-02
1.15450e-02
1.35153e-02
1.16247e-02
1.20292e-02
1.37012e-02
1.18670e-02
1.21431e-02
1.11671e-02
1.19931e-02
1.13440e-02
1.21235e-02
1.52242e-02
1.16159e-02
1.13563e-02
2.11043e-02
2.69565e-02
1.77330e-02
1.47561e-02
1.32236e-02
1.33969e-02
1.27177e-02
1.15564e-02
1.21560e-02
1.76846e-02
1.11525e-02
1.32027e-02
1.33823e-02
1.24536e-02
1.38837e-02
1.36309e-02
1.57085e-02
1.19758e-02
1.17819e-02
1.39552e-02
1.36257e-02
2.13474e-02
1.27252e-02
1.06733e-02
1.04315e-02
1.25677e-02
1.93972e-02
1.17620e-02
1.08143e-02
1.08949e-02
1.02737e-02
1.27133e-02
1.08726e-02
1.08357e-02
1.27694e-02
1.32442e-02
1.34747e-02
9.57934e-03
1.00047e-02
1.05216e-02
1.51985e-02
9.48031e-03
1.02894e-02
9.27108e-03
2.26019e-02
1.24727e-02
9.54756e-03
9.22374e-03
9.61181e-03
9.60043e-03
1.03352e-02
1.05838e-02
1.19338e-02
8.36663e-03
9.63291e-03
1.17650e-02
8.41326e-03
8.18071e-03
7.34144e-03
8.82863e-03
7.45781e-03
8.66440e-03
7.85471e-03
9.86071e-03
6.58448e-03
7.05377e-03
8.58423e-03
9.38681e-03
8.31944e-03
6.85978e-03
7.04899e-03
6.17424e-03
7.43393e-03
6.41219e-03
7.11108e-03
6.62098e-03
6.67292e-03
6.00654e-03
6.51509e-03
5.75771e-03
6.53262e-03
5.98447e-03
5.45165e-03
6.29547e-03
5.33919e-03
5.40904e-03
5.13889e-03
5.41602e-03
5.43427e-03
5.40146e-03
5.68046e-03
4.74428e-03
4.98403e-03
4.58730e-03
4.21859e-03
4.12391e-03
4.11029e-03
3.97691e-03
4.12234e-03
4.52219e-03
4.10200e-03
3.68435e-03
3.79769e-03
3.65645e-03
3.97067e-03
3.72118e-03
3.76893e-03
3.50681e-03
3.88530e-03
3.45437e-03
3.30925e-03
3.43518e-03
3.41162e-03
3.55511e-03
3.26877e-03
3.40598e-03
3.46567e-03
3.25915e-03
3.28426e-03
3.17438e-03
3.15898e-03
3.40833e-03
3.26689e-03
3.09364e-03
3.26952e-03
3.28697e-03
3.08661e-03
3.34357e-03
3.22807e-03
3.04242e-03
3.02146e-03
3.04628e-03
3.27372e-03
3.19949e-03
3.26127e-03
3.13005e-03
3.35015e-03
3.41101e-03
3.53416e-03
3.20319e-03
3.91390e-03
3.67003e-03
3.82630e-03
3.53224e-03
3.99699e-03
4.01518e-03
3.87758e-03
3.98754e-03
4.09706e-03
4.01574e-03
4.55023e-03
4.17158e-03
5.35495e-03
4.55724e-03
4.71608e-03
4.14123e-03
6.30900e-03
5.29907e-03
4.82675e-03
4.90948e-03
5.58977e-03
5.03457e-03
5.70038e-03
5.84468e-03
6.19171e-03
5.66282e-03
5.46085e-03
9.77005e-03
1.13042e-02
7.29530e-03
6.21107e-03
5.89695e-03
5.88363e-03
6.48090e-03
7.98411e-03
8.40008e-03
6.20675e-03
6.41653e-03
9.09597e-03
7.21482e-03
5.97523e-03
6.91424e-03
8.95677e-03
6.85202e-03
7.21583e-03
8.13264e-03
8.22823e-03
8.38073e-03
1.12337e-02
1.32825e-02
8.78602e-03
6.86678e-03
7.35123e-03
9.52215e-03
1.02063e-02
8.78944e-03
7.69947e-03
8.44550e-03
7.37836e-03
9.76843e-03
1.02412e-02
8.73924e-03
7.60378e-03
1.66881e-02
9.41397e-03
7.25074e-03
1.14067e-02
1.03535e-02
7.51944e-03
1.53292e-02
9.98229e-03
7.87162e-03
8.38857e-03
2.22398e-02
1.61432e-02
9.28890e-03
7.75786e-03
1.03974e-02
7.77287e-03
8.76240e-03
9.89650e-03
7.52581e-03
1.02064e-02
8.09864e-03
8.94233e-03
8.54968e-03
1.35391e-02
1.14843e-02
8.63979e-03
8.45650e-03
7.35646e-03
7.29001e-03
7.31827e-03
8.65330e-03
1.05575e-02
1.17477e-02
7.83302e-03
7.45952e-03
1.09562e-02
7.97181e-03
1.01715e-02
7.48479e-03
5.81605e-03
7.34303e-03
9.37923e-03
7.22134e-03
6.90473e-03
6.45913e-03
9.35873e-03
6.72047e-03
6.71153e-03
6.47887e-03
5.61774e-03
1.90964e-02
1.01921e-02
7.11701e-03
6.79176e-03
6.06108e-03
6.03193e-03
5.75266e-03
5.64158e-03
6.80265e-03
5.65562e-03
6.79384e-03
6.44212e-03
6.80784e-03
4.42564e-03
5.23925e-03
5.91651e-03
9.42435e-03
8.83846e-03
6.42983e-03
5.58996e-03
4.64803e-03
6.59374e-03
4.45276e-03
4.34673e-03
4.80912e-03
3.98095e-03
5.00532e-03
4.31244e-03
4.73063e-03
3.90576e-03
4.16069e-03
4.06885e-03
3.63106e-03
3.93001e-03
4.53386e-03
4.46956e-03
4.73454e-03
3.44721e-03
3.39620e-03
3.25763e-03
3.16397e-03
2.73125e-03
2.86166e-03
2.66754e-03
3.30129e-03
3.40830e-03
3.36617e-03
3.22601e-03
2.49065e-03
2.67362e-03
2.58433e-03
2.46935e-03
2.68165e-03
2.37524e-03
2.55781e-03
2.86944e-03
2.68117e-03
2.50476e-03
2.37881e-03
2.44870e-03
2.28772e-03
2.12818e-03
2.42713e-03
2.06964e-03
2.24478e-03
1.98706e-03
2.32056e-03
2.05439e-03
1.95880e-03
2.05121e-03
2.13066e-03
2.19620e-03
2.10737e-03
2.00609e-03
1.98375e-03
1.96671e-03
1.79839e-03
2.05690e-03
2.17630e-03
2.08991e-03
2.03703e-03
2.25366e-03
2.36740e-03
2.32830e-03
2.37952e-03
2.28678e-03
2.09697e-03
2.12252e-03
2.16321e-03
2.46887e-03
2.36027e-03
2.68443e-03
2.69257e-03
3.05137e-03
3.32992e-03
3.59958e-03
2.64380e-03
3.71767e-03
2.67579e-03
3.28371e-03
4.11652e-03
3.86866e-03
3.03393e-03
3.73304e-03
3.45638e-03
4.37361e-03
3.82442e-03
3.82545e-03
3.99544e-03
4.68886e-03
5.17079e-03
4.54699e-03
4.41137e-03
5.25263e-03
3.89737e-03
7.88621e-03
4.40726e-03
5.35721e-03
5.11398e-03
5.22609e-03
5.97746e-03
7.49253e-03
5.20911e-03
3.95772e-03
7.18218e-03
5.00133e-03
6.16001e-03
5.68323e-03
5.51292e-03
1.29564e-02
6.59537e-03
6.29718e-03
8.24088e-03
7.32320e-03
1.51086e-02
1.28314e-02
6.74550e-03
5.54904e-03
5.63100e-03
1.06011e-02
6.24407e-03
5.32060e-03
6.20254e-03
7.19373e-03
6.08868e-03
7.82554e-03
6.07783e-03
6.75562e-03
8.00631e-03
9.03425e-03
1.13125e-02
6.81358e-03
6.35277e-03
8.93374e-03
8.64814e-03
6.32955e-03
8.94460e-03
6.60453e-03
6.98691e-03
1.19175e-02
6.82455e-03
5.80637e-03
8.43696e-03
6.64762e-03
6.12069e-03
8.80107e-03
6.22769e-03
1.20081e-02
1.16450e-02
7.24958e-03
8.40483e-03
6.51878e-03
8.08806e-03
7.41356e-03
5.65156e-03
6.56285e-03
6.64758e-03
1.30110e-02
6.80562e-03
9.78092e-03
1.19609e-02
6.55256e-03
6.69666e-03
7.12004e-03
7.81179e-03
5.78876e-03
8.83284e-03
8.00642e-03
5.45761e-03
5.95928e-03
1.09378e-02
7.56923e-03
4.90108e-03
1.03677e-02
6.32038e-03
5.82729e-03
8.91340e-03
7.80988e-03
5.08112e-03
5.67316e-03
1.02754e-02
5.52607e-03
5.72716e-03
5.58704e-03
9.51328e-03
5.30872e-03
5.59944e-03
4.66642e-03
9.33852e-03
7.27555e-03
4.76175e-03
4.75162e-03
5.00374e-03
5.86115e-03
4.34532e-03
4.36259e-03
6.49835e-03
6.35331e-03
4.92438e-03
4.76755e-03
3.53818e-03
4.91246e-03
4.29029e-03
3.19303e-03
4.16697e-03
3.39276e-03
2.96288e-03
3.29208e-03
2.88143e-03
3.25838e-03
2.89737e-03
3.40378e-03
2.91310e-03
3.69806e-03
2.99421e-03
2.96911e-03
2.35968e-03
2.37940e-03
3.30149e-03
3.37069e-03
2.44575e-03
2.60113e-03
2.31227e-03
2.49765e-03
2.31765e-03
2.11297e-03
1.97655e-03
2.06319e-03
2.12132e-03
2.10640e-03
2.57489e-03
1.75220e-03
1.75001e-03
1.71532e-03
1.60741e-03
1.62311e-03
1.67874e-03
1.61929e-03
1.60751e-03
1.64713e-03
1.74979e-03
1.63038e-03
1.53537e-03
1.54448e-03
1.61196e-03
1.68047e-03
1.61646e-03
1.78948e-03
1.51540e-03
1.74312e-03
1.54449e-03
1.60969e-03
1.49141e-03
1.55193e-03
1.69797e-03
1.56863e-03
1.67941e-03
1.65898e-03
1.70667e-03
1.71907e-03
1.63665e-03
1.70673e-03
1.70376e-03
1.76088e-03
1.96043e-03
1.69068e-03
1.80986e-03
2.05577e-03
1.51721e-03
2.12006e-03
1.59808e-03
2.21878e-03
2.22361e-03
2.05544e-03
2.31494e-03
2.60844e-03
2.32943e-03
2.17956e-03
2.19173e-03
3.88249e-03
2.23325e-03
3.56064e-03
3.75417e-03
2.26517e-03
4.51599e-03
2.75480e-03
2.86862e-03
3.97608e-03
5.35183e-03
3.34381e-03
2.73819e-03
2.94313e-03
4.11914e-03
3.80985e-03
3.98978e-03
3.78722e-03
3.91780e-03
4.14143e-03
3.99312e-03
5.13548e-03
3.68241e-03
6.47725e-03
4.02958e-03
4.40773e-03
4.77874e-03
6.12912e-03
6.94318e-03
9.02883e-03
4.46896e-03
4.47582e-03
5.01739e-03
1.09102e-02
5.32672e-03
6.23350e-03
5.50867e-03
4.78392e-03
5.11110e-03
5.09295e-03
6.87475e-03
5.20136e-03
4.50626e-03
4.92907e-03
1.00156e-02
5.79090e-03
4.71469e-03
6.15507e-03
7.17747e-03
2.64584e-02
9.75405e-03
8.12347e-03
7.74760e-03
7.40769e-03
5.07628e-03
1.41200e-02
7.19976e-03
5.72554e-03
6.07273e-03
9.22191e-03
7.27941e-03
5.54685e-03
5.81043e-03
7.18561e-03
5.66499e-03
8.17166e-03
7.42943e-03
5.02347e-03
1.17929e-02
7.33357e-03
6.40665e-03
5.72723e-03
6.08928e-03
7.97229e-03
5.61559e-03
4.83194e-03
8.71753e-03
6.34949e-03
5.28281e-03
8.31252e-03
1.25419e-02
5.95722e-03
1.56580e-02
7.58395e-03
7.27757e-03
8.12253e-03
4.99075e-03
1.64772e-02
7.02570e-03
6.16633e-03
6.29556e-03
7.35805e-03
5.19104e-03
5.85020e-03
4.96156e-03
5.83480e-03
5.54015e-03
7.40864e-03
5.34105e-03
5.00453e-03
5.36469e-03
5.22704e-03
4.35598e-03
5.35700e-03
6.08052e-03
4.60803e-03
6.51764e-03
4.38669e-03
4.40363e-03
4.17293e-03
6.53957e-03
3.85187e-03
3.83327e-03
4.59547e-03
4.14865e-03
3.79881e-03
4.88158e-03
3.43965e-03
4.14560e-03
4.36463e-03
4.71460e-03
4.13939e-03
3.14733e-03
2.84308e-03
3.54287e-03
3.04351e-03
2.90987e-03
2.81127e-03
2.74082e-03
2.51295e-03
3.93707e-03
2.85844e-03
2.85716e-03
2.78832e-03
4.15879e-03
2.27754e-03
3.42124e-03
2.00122e-03
2.16059e-03
2.88545e-03
2.18469e-03
2.10239e-03
1.84068e-03
1.81445e-03
2.26613e-03
2.20417e-03
2.28430e-03
2.50223e-03
1.65513e-03
1.84002e-03
1.49827e-03
2.05886e-03
