2.89922e-01
1.85317e-01
1.43612e-01
1.26991e-01
1.13176e-01
9.88978e-02
8.88567e-02
8.32692e-02
7.83857e-02
7.35711e-02
7.00739e-02
6.60389e-02
6.31052e-02
6.19541e-02
5.90968e-02
5.64625e-02
5.48603e-02
5.28676e-02
5.24863e-02
5.08492e-02
4.92262e-02
4.77306e-02
4.68688e-02
4.55266e-02
4.45106e-02
4.33182e-02
4.25806e-02
4.25768e-02
4.07142e-02
4.04099e-02
3.93822e-02
3.87875e-02
3.77054e-02
3.64875e-02
3.59935e-02
3.55914e-02
3.48078e-02
3.38350e-02
3.32324e-02
3.33798e-02
3.21195e-02
3.15139e-02
3.14943e-02
3.16619e-02
2.97832e-02
2.98136e-02
2.91717e-02
2.86548e-02
2.89396e-02
2.87251e-02
2.76669e-02
2.71396e-02
2.66971e-02
2.59477e-02
2.58078e-02
2.62406e-02
2.48770e-02
2.43708e-02
2.47473e-02
2.47430e-02
2.41739e-02
2.33982e-02
2.34714e-02
2.32995e-02
2.27084e-02
2.27769e-02
2.26287e-02
2.20739e-02
2.21866e-02
2.19937e-02
2.14619e-02
2.13378e-02
2.12591e-02
2.09385e-02
2.09984e-02
2.12802e-02
2.12689e-02
2.08835e-02
2.03164e-02
2.04662e-02
2.02842e-02
2.03465e-02
2.02462e-02
1.99208e-02
1.98784e-02
2.01755e-02
1.97966e-02
1.95843e-02
1.93574e-02
1.98140e-02
1.94480e-02
1.95348e-02
1.91803e-02
1.92287e-02
1.94148e-02
1.99988e-02
1.89926e-02
1.94130e-02
1.92562e-02
1.90894e-02
1.93685e-02
1.93580e-02
1.92297e-02
1.93493e-02
1.90917e-02
1.95118e-02
1.94698e-02
1.92073e-02
1.96263e-02
1.95827e-02
1.93767e-02
1.92946e-02
1.91631e-02
1.92435e-02
1.93155e-02
1.98270e-02
1.93973e-02
1.96575e-02
1.98319e-02
1.93114e-02
1.93993e-02
2.01771e-02
1.98915e-02
1.95606e-02
1.94964e-02
1.95587e-02
2.02687e-02
2.08079e-02
1.97688e-02
2.00477e-02
1.99501e-02
1.99974e-02
1.99467e-02
1.98822e-02
2.00979e-02
1.99507e-02
2.05983e-02
1.99054e-02
2.00021e-02
2.01986e-02
2.03999e-02
2.01927e-02
2.00810e-02
2.09196e-02
2.08244e-02
2.09438e-02
2.02461e-02
2.03719e-02
2.03567e-02
2.04960e-02
2.03537e-02
2.03946e-02
2.06570e-02
2.01397e-02
2.06279e-02
1.98755e-02
2.09185e-02
2.11538e-02
2.02088e-02
2.05214e-02
2.08229e-02
2.14715e-02
2.04562e-02
2.05940e-02
2.13022e-02
2.09795e-02
2.04651e-02
2.13742e-02
2.11883e-02
2.07858e-02
2.02114e-02
1.98597e-02
2.04015e-02
2.07880e-02
1.97750e-02
2.00619e-02
1.97814e-02
2.02798e-02
1.99604e-02
2.06530e-02
2.00133e-02
1.98407e-02
1.99860e-02
1.97588e-02
2.10675e-02
2.04810e-02
1.96166e-02
1.95903e-02
1.86658e-02
1.98658e-02
1.94911e-02
1.98915e-02
1.96111e-02
1.91417e-02
1.88669e-02
1.85041e-02
1.89181e-02
1.84888e-02
1.87681e-02
1.96029e-02
1.86523e-02
1.93093e-02
1.84135e-02
1.93915e-02
1.80492e-02
1.80444e-02
1.73060e-02
1.80387e-02
1.76486e-02
1.78850e-02
1.78545e-02
1.81463e-02
1.79897e-02
1.71232e-02
1.78184e-02
1.69688e-02
1.65491e-02
1.66091e-02
1.82616e-02
1.64644e-02
1.65583e-02
1.61991e-02
1.62379e-02
1.62985e-02
1.56731e-02
1.58052e-02
1.55005e-02
1.54079e-02
1.50700e-02
1.46516e-02
1.50998e-02
1.44080e-02
1.42806e-02
1.47237e-02
1.43348e-02
1.41511e-02
1.37962e-02
1.36015e-02
1.35549e-02
1.32079e-02
1.31443e-02
1.30290e-02
1.32697e-02
1.30737e-02
1.28068e-02
1.26068e-02
1.26211e-02
1.21189e-02
1.27322e-02
1.24148e-02
1.18682e-02
1.21407e-02
1.23638e-02
1.20923e-02
1.15457e-02
1.17103e-02
1.12984e-02
1.13356e-02
1.15791e-02
1.10065e-02
1.10023e-02
1.07651e-02
1.12035e-02
1.09020e-02
1.05453e-02
1.02968e-02
1.03987e-02
1.00380e-02
1.03492e-02
9.89988e-03
1.01256e-02
1.01410e-02
1.00487e-02
9.78256e-03
9.49296e-03
9.91940e-03
9.72255e-03
9.65003e-03
9.57244e-03
9.36978e-03
9.70931e-03
9.44017e-03
9.19103e-03
9.59873e-03
8.94768e-03
9.11522e-03
9.16131e-03
9.23080e-03
8.92273e-03
8.91249e-03
8.88819e-03
8.81445e-03
8.84615e-03
8.72103e-03
8.76068e-03
8.86524e-03
8.88451e-03
8.77200e-03
8.62213e-03
8.93635e-03
8.66756e-03
9.07951e-03
8.75090e-03
9.36391e-03
8.74302e-03
8.66290e-03
9.17366e-03
8.88286e-03
8.90694e-03
9.00693e-03
9.10870e-03
8.77006e-03
9.12455e-03
9.04432e-03
9.23964e-03
9.16799e-03
9.44027e-03
9.36110e-03
9.13596e-03
9.41718e-03
9.15953e-03
9.34742e-03
9.81430e-03
9.42090e-03
9.60799e-03
9.68189e-03
9.39059e-03
1.00584e-02
9.45403e-03
9.47915e-03
9.98675e-03
9.70092e-03
1.01662e-02
9.82960e-03
1.05702e-02
1.10788e-02
1.06961e-02
1.05826e-02
1.06893e-02
1.06241e-02
1.02417e-02
1.08694e-02
1.09112e-02
1.07996e-02
1.11829e-02
1.07320e-02
1.09644e-02
1.18531e-02
1.14133e-02
1.14235e-02
1.17526e-02
1.19558e-02
1.15534e-02
1.22910e-02
1.22337e-02
1.18009e-02
1.33972e-02
1.24059e-02
1.23391e-02
1.24387e-02
1.28295e-02
1.28949e-02
1.37145e-02
1.28537e-02
1.31838e-02
1.26087e-02
1.34699e-02
1.36390e-02
1.30734e-02
1.29205e-02
1.37821e-02
1.36739e-02
1.34395e-02
1.31997e-02
1.29252e-02
1.32365e-02
1.37371e-02
1.35959e-02
1.32433e-02
1.34311e-02
1.35117e-02
1.40953e-02
1.34096e-02
1.33652e-02
1.44005e-02
1.39379e-02
1.35599e-02
1.37941e-02
1.41648e-02
1.65631e-02
1.39594e-02
1.33116e-02
1.39603e-02
1.37696e-02
1.36908e-02
1.35230e-02
1.42726e-02
1.41739e-02
1.38750e-02
1.31941e-02
1.31872e-02
1.32035e-02
1.31247e-02
1.33278e-02
1.32516e-02
1.34285e-02
1.33452e-02
1.30373e-02
1.30190e-02
1.31711e-02
1.25644e-02
1.27470e-02
1.31536e-02
1.20933e-02
1.23012e-02
1.24630e-02
1.24036e-02
1.22624e-02
1.18777e-02
1.26494e-02
1.30009e-02
1.20435e-02
1.15801e-02
1.16504e-02
1.15386e-02
1.13047e-02
1.11082e-02
1.11948e-02
1.05900e-02
1.07811e-02
1.05517e-02
1.08748e-02
1.08795e-02
1.00004e-02
1.00079e-02
9.81875e-03
9.95698e-03
1.01129e-02
1.01343e-02
1.04201e-02
9.98830e-03
9.56408e-03
9.94483e-03
9.87520e-03
9.27290e-03
8.95141e-03
9.22726e-03
9.44680e-03
8.85639e-03
8.74181e-03
9.96327e-03
9.01319e-03
9.02202e-03
8.41320e-03
8.54301e-03
8.54490e-03
7.89928e-03
8.16303e-03
8.45838e-03
8.19883e-03
8.17007e-03
7.72859e-03
7.38575e-03
7.30783e-03
7.57062e-03
7.25729e-03
7.42305e-03
7.10388e-03
7.02964e-03
7.19906e-03
7.08974e-03
6.82656e-03
7.10415e-03
7.19171e-03
6.85431e-03
6.94094e-03
6.81364e-03
7.49906e-03
6.75149e-03
7.05484e-03
6.39701e-03
6.67062e-03
6.34486e-03
6.64570e-03
6.83815e-03
6.49158e-03
6.37304e-03
6.39056e-03
6.45068e-03
6.54467e-03
6.36236e-03
6.26483e-03
6.38545e-03
6.67164e-03
6.42288e-03
6.46344e-03
6.10541e-03
6.36966e-03
6.27709e-03
6.34271e-03
6.32668e-03
6.33186e-03
6.25013e-03
6.21381e-03
6.66369e-03
6.44683e-03
6.30993e-03
6.26303e-03
6.26059e-03
6.47132e-03
6.18269e-03
6.18911e-03
6.25443e-03
6.58647e-03
6.43595e-03
6.32453e-03
6.35717e-03
6.22065e-03
6.51467e-03
6.53778e-03
6.53792e-03
6.53385e-03
6.66743e-03
6.81059e-03
6.94204e-03
6.93932e-03
7.12171e-03
7.19311e-03
7.48850e-03
7.02022e-03
6.83661e-03
7.45365e-03
7.34977e-03
7.89028e-03
7.57596e-03
7.38044e-03
7.45131e-03
7.81243e-03
8.52448e-03
7.91309e-03
7.85444e-03
7.72095e-03
8.34828e-03
9.00652e-03
8.76252e-03
8.74784e-03
8.64134e-03
9.04379e-03
9.09721e-03
8.70599e-03
9.29622e-03
9.19306e-03
9.19320e-03
9.37977e-03
9.85955e-03
9.98645e-03
9.79108e-03
9.21208e-03
9.80204e-03
1.00973e-02
9.57552e-03
9.99358e-03
9.81926e-03
9.56850e-03
1.02401e-02
1.03220e-02
1.08771e-02
1.07446e-02
1.10983e-02
1.06885e-02
1.05359e-02
1.14690e-02
1.07952e-02
1.05884e-02
1.07335e-02
1.09627e-02
1.16142e-02
1.19270e-02
1.15230e-02
1.10710e-02
1.07684e-02
1.13223e-02
1.10577e-02
1.16642e-02
1.08254e-02
1.10367e-02
1.11289e-02
1.12320e-02
1.19377e-02
1.20706e-02
1.11434e-02
1.14912e-02
1.09308e-02
1.09317e-02
1.16197e-02
1.20684e-02
1.13248e-02
1.12456e-02
1.09531e-02
1.13073e-02
1.11017e-02
1.09133e-02
1.07633e-02
1.09655e-02
1.07209e-02
1.05882e-02
1.06543e-02
1.03897e-02
1.08112e-02
1.04593e-02
1.10797e-02
1.09933e-02
1.06151e-02
1.02743e-02
1.02992e-02
1.07070e-02
1.05385e-02
1.02378e-02
1.08632e-02
1.02485e-02
1.00267e-02
1.03787e-02
9.88873e-03
9.47740e-03
9.69575e-03
1.04967e-02
9.38031e-03
9.10650e-03
9.25566e-03
9.09367e-03
8.61378e-03
9.15299e-03
9.37874e-03
9.54740e-03
9.03897e-03
9.35861e-03
8.33294e-03
8.14305e-03
8.15597e-03
8.76770e-03
8.80014e-03
8.40882e-03
8.10958e-03
8.08481e-03
8.10967e-03
8.77166e-03
7.59269e-03
7.80300e-03
7.01475e-03
6.96772e-03
7.04791e-03
7.18752e-03
6.83635e-03
6.81560e-03
6.48559e-03
6.58197e-03
6.99365e-03
6.10382e-03
6.45055e-03
6.18986e-03
6.34024e-03
6.86779e-03
6.05143e-03
6.28102e-03
6.20695e-03
6.54228e-03
6.20195e-03
5.97017e-03
6.12385e-03
5.84155e-03
5.82295e-03
5.93187e-03
5.96155e-03
5.82394e-03
5.99236e-03
5.48904e-03
5.35788e-03
5.26166e-03
5.08036e-03
5.48391e-03
5.34670e-03
5.31369e-03
5.38163e-03
5.39472e-03
5.62340e-03
5.46736e-03
5.21008e-03
5.08803e-03
4.90267e-03
5.18883e-03
5.01087e-03
5.15520e-03
5.12262e-03
5.01630e-03
4.94168e-03
5.12698e-03
5.16839e-03
4.98632e-03
4.90845e-03
5.07432e-03
5.03426e-03
5.33827e-03
4.90634e-03
5.02718e-03
4.90472e-03
4.95447e-03
4.79625e-03
5.27874e-03
5.19875e-03
5.37396e-03
4.88285e-03
5.10299e-03
5.35311e-03
5.27957e-03
5.58073e-03
5.20752e-03
5.79385e-03
5.48900e-03
5.67821e-03
5.32634e-03
5.56543e-03
5.36658e-03
5.50085e-03
5.73727e-03
5.25010e-03
5.46372e-03
5.54124e-03
5.94323e-03
5.88150e-03
5.85266e-03
5.78181e-03
6.24160e-03
5.90372e-03
6.12861e-03
6.63184e-03
6.36225e-03
6.02443e-03
5.99556e-03
6.60257e-03
6.36667e-03
6.96558e-03
6.69124e-03
7.13678e-03
7.00539e-03
7.07034e-03
7.17981e-03
6.93674e-03
7.36534e-03
7.66514e-03
7.42045e-03
7.98098e-03
8.04445e-03
7.63846e-03
7.65507e-03
7.90342e-03
7.89692e-03
8.35744e-03
8.35525e-03
8.70837e-03
8.67520e-03
8.31614e-03
8.96054e-03
8.68133e-03
8.86930e-03
8.83436e-03
8.71660e-03
8.83690e-03
9.96969e-03
9.52690e-03
9.82433e-03
9.53662e-03
9.54759e-03
9.31821e-03
9.50554e-03
9.59331e-03
9.56355e-03
1.03999e-02
9.82997e-03
9.97059e-03
1.00439e-02
9.86350e-03
1.12360e-02
9.98168e-03
1.02442e-02
9.76430e-03
1.02886e-02
9.90757e-03
9.75762e-03
9.62922e-03
9.63651e-03
1.00925e-02
9.85837e-03
1.07289e-02
9.66559e-03
9.72500e-03
1.01265e-02
9.56633e-03
1.02047e-02
9.59122e-03
9.52296e-03
1.05219e-02
1.05845e-02
1.02646e-02
1.02781e-02
9.99839e-03
9.99262e-03
9.89182e-03
9.65016e-03
9.78499e-03
9.35869e-03
1.00038e-02
9.15761e-03
9.08706e-03
1.02388e-02
9.21074e-03
8.85560e-03
9.58078e-03
9.00801e-03
8.80395e-03
9.25135e-03
9.57526e-03
8.60452e-03
8.59989e-03
8.19340e-03
7.92467e-03
8.56963e-03
8.43818e-03
8.22411e-03
7.90401e-03
7.38486e-03
8.39805e-03
8.89095e-03
7.88846e-03
8.02094e-03
9.29182e-03
8.46666e-03
7.67224e-03
7.38778e-03
7.16890e-03
7.33608e-03
6.94127e-03
6.96995e-03
6.72568e-03
6.50330e-03
6.76508e-03
7.00736e-03
6.59188e-03
6.58986e-03
6.34425e-03
6.74344e-03
6.23691e-03
6.11459e-03
5.91034e-03
6.20031e-03
5.84896e-03
5.83625e-03
5.79308e-03
5.59606e-03
5.75939e-03
5.53826e-03
5.37972e-03
5.39000e-03
5.73966e-03
5.36336e-03
5.25930e-03
5.18156e-03
5.28262e-03
5.11019e-03
5.17889e-03
4.99192e-03
4.99848e-03
5.24966e-03
5.06666e-03
4.77368e-03
5.10363e-03
5.14019e-03
4.64541e-03
4.43145e-03
4.50532e-03
4.54541e-03
4.55623e-03
4.56220e-03
4.44524e-03
4.62728e-03
4.62867e-03
4.32559e-03
4.30712e-03
4.29324e-03
4.51214e-03
4.41962e-03
4.73449e-03
4.62758e-03
4.18204e-03
4.64403e-03
4.35187e-03
4.49046e-03
4.26230e-03
4.28500e-03
4.28684e-03
4.66219e-03
4.22255e-03
4.06720e-03
4.36114e-03
4.38275e-03
4.52281e-03
4.26633e-03
4.21663e-03
4.62134e-03
4.52183e-03
4.40668e-03
4.34746e-03
4.54104e-03
4.62620e-03
4.62942e-03
4.45171e-03
4.61623e-03
4.46214e-03
4.50407e-03
4.46920e-03
4.79184e-03
4.70184e-03
4.44700e-03
4.69074e-03
4.91711e-03
4.72610e-03
4.92714e-03
4.96542e-03
4.87076e-03
4.80526e-03
5.13668e-03
4.83005e-03
5.30088e-03
5.24628e-03
5.48686e-03
5.49102e-03
5.26549e-03
5.39678e-03
5.84237e-03
5.96198e-03
5.70324e-03
6.01024e-03
5.79366e-03
6.25854e-03
5.87852e-03
5.97346e-03
5.88565e-03
6.85272e-03
6.93571e-03
6.51234e-03
6.64534e-03
6.52834e-03
6.68274e-03
7.11120e-03
6.90584e-03
6.96382e-03
7.81656e-03
7.65279e-03
8.10667e-03
7.51765e-03
7.63994e-03
8.01214e-03
8.31580e-03
8.17038e-03
7.98489e-03
8.61301e-03
8.60144e-03
8.40805e-03
8.41465e-03
8.44659e-03
8.43262e-03
8.14747e-03
8.79197e-03
8.71776e-03
9.33818e-03
8.59440e-03
8.18381e-03
8.34114e-03
8.69664e-03
8.82236e-03
9.78749e-03
9.63541e-03
8.92050e-03
1.04704e-02
9.15148e-03
9.33950e-03
9.48257e-03
9.53466e-03
8.94894e-03
9.27792e-03
1.27245e-02
9.11186e-03
8.91889e-03
9.27248e-03
9.11367e-03
1.08614e-02
9.42324e-03
8.87276e-03
8.69301e-03
8.48408e-03
9.91847e-03
