2.82022e-01
1.83601e-01
1.42594e-01
1.25018e-01
1.13684e-01
1.02933e-01
9.21346e-02
8.46363e-02
7.93773e-02
7.50731e-02
7.17559e-02
6.85173e-02
6.55880e-02
6.22122e-02
6.03158e-02
5.92894e-02
5.71184e-02
5.49109e-02
5.49188e-02
5.24708e-02
5.11427e-02
4.91951e-02
4.84013e-02
4.69856e-02
4.55913e-02
4.51462e-02
4.37674e-02
4.27698e-02
4.16378e-02
4.08700e-02
4.04609e-02
3.97680e-02
3.83950e-02
3.77742e-02
3.67294e-02
3.58028e-02
3.49048e-02
3.55227e-02
3.43548e-02
3.32267e-02
3.30316e-02
3.22248e-02
3.12582e-02
3.11990e-02
3.08826e-02
2.98466e-02
2.93651e-02
2.92496e-02
2.89548e-02
2.79980e-02
2.72307e-02
2.77347e-02
2.69669e-02
2.69886e-02
2.61418e-02
2.57817e-02
2.55306e-02
2.52280e-02
2.47954e-02
2.45537e-02
2.39145e-02
2.38169e-02
2.35986e-02
2.34977e-02
2.31069e-02
2.30081e-02
2.31924e-02
2.29704e-02
2.24280e-02
2.20037e-02
2.23459e-02
2.16635e-02
2.14074e-02
2.13566e-02
2.12838e-02
2.09764e-02
2.08013e-02
2.04998e-02
2.06669e-02
2.06750e-02
2.08048e-02
2.04604e-02
2.01245e-02
2.00814e-02
2.00958e-02
2.01113e-02
1.97842e-02
1.99568e-02
1.97377e-02
1.97891e-02
1.96515e-02
1.95592e-02
1.96994e-02
1.99864e-02
1.93678e-02
1.96714e-02
1.97408e-02
1.94949e-02
1.93096e-02
1.94407e-02
1.94488e-02
1.92995e-02
1.96412e-02
1.90799e-02
1.94658e-02
1.92511e-02
1.96078e-02
1.97009e-02
1.97789e-02
1.92871e-02
1.95470e-02
1.96083e-02
1.96210e-02
1.93647e-02
2.01549e-02
1.94840e-02
1.97487e-02
1.97506e-02
1.97822e-02
1.97318e-02
1.97735e-02
2.00903e-02
1.99709e-02
2.00054e-02
2.00253e-02
1.99167e-02
2.00581e-02
1.96205e-02
1.97203e-02
2.01394e-02
2.01194e-02
2.01923e-02
2.07110e-02
2.00214e-02
2.00955e-02
2.02102e-02
2.07009e-02
2.03667e-02
2.05207e-02
2.05450e-02
2.10767e-02
2.04408e-02
1.97178e-02
2.05164e-02
2.07874e-02
2.10373e-02
2.07463e-02
2.03535e-02
2.04481e-02
2.06353e-02
2.06133e-02
2.06119e-02
2.07531e-02
2.11975e-02
2.10664e-02
2.06936e-02
2.11575e-02
2.04744e-02
2.12780e-02
2.08623e-02
2.07442e-02
2.05973e-02
2.05758e-02
2.04934e-02
2.03456e-02
2.09263e-02
2.03579e-02
2.06186e-02
2.11216e-02
2.14985e-02
2.16491e-02
2.07140e-02
2.07752e-02
2.05122e-02
2.02598e-02
2.00695e-02
2.01838e-02
2.05686e-02
2.03094e-02
1.96841e-02
2.13346e-02
2.03990e-02
1.99273e-02
2.08730e-02
2.03901e-02
1.97817e-02
1.92880e-02
1.92015e-02
1.95596e-02
1.97787e-02
1.96043e-02
2.02690e-02
1.99385e-02
1.91502e-02
1.94475e-02
1.92170e-02
1.98606e-02
1.91415e-02
1.92648e-02
1.91579e-02
1.94272e-02
1.86017e-02
1.88832e-02
1.84357e-02
1.80710e-02
1.81565e-02
1.79834e-02
1.81370e-02
1.83244e-02
1.81804e-02
1.86496e-02
1.77330e-02
1.79819e-02
1.72301e-02
1.67998e-02
1.71869e-02
1.63032e-02
1.68686e-02
1.65538e-02
1.68817e-02
1.63323e-02
1.62588e-02
1.59051e-02
1.56054e-02
1.61367e-02
1.57561e-02
1.55383e-02
1.54952e-02
1.56340e-02
1.52332e-02
1.61203e-02
1.52465e-02
1.45870e-02
1.44673e-02
1.46798e-02
1.43677e-02
1.41800e-02
1.40348e-02
1.44438e-02
1.44329e-02
1.38998e-02
1.40119e-02
1.29894e-02
1.33676e-02
1.29318e-02
1.32787e-02
1.30146e-02
1.28196e-02
1.26057e-02
1.21876e-02
1.19954e-02
1.23226e-02
1.21246e-02
1.18426e-02
1.20689e-02
1.14802e-02
1.16202e-02
1.12753e-02
1.09909e-02
1.12882e-02
1.13143e-02
1.07666e-02
1.08135e-02
1.08747e-02
1.09720e-02
1.04353e-02
1.07269e-02
1.08594e-02
1.06681e-02
1.05888e-02
1.06692e-02
1.08935e-02
1.05621e-02
1.06362e-02
9.99288e-03
9.68236e-03
9.76359e-03
9.84168e-03
1.01128e-02
9.89209e-03
9.45143e-03
9.37445e-03
9.51043e-03
9.53244e-03
9.38286e-03
9.49663e-03
9.32183e-03
9.20010e-03
9.27407e-03
9.12250e-03
8.99481e-03
9.61449e-03
9.39266e-03
8.85832e-03
8.85928e-03
9.11878e-03
9.18691e-03
8.95303e-03
9.04724e-03
9.22675e-03
9.31721e-03
9.16136e-03
8.99524e-03
9.44331e-03
9.03519e-03
8.88800e-03
8.98353e-03
8.94009e-03
9.05306e-03
9.35149e-03
9.65092e-03
9.32130e-03
9.38656e-03
9.41690e-03
9.22167e-03
9.33630e-03
9.47176e-03
9.61938e-03
9.43861e-03
9.48601e-03
9.79060e-03
9.57248e-03
9.33618e-03
9.87398e-03
9.67636e-03
1.02054e-02
9.87532e-03
9.96639e-03
1.06001e-02
1.00318e-02
9.81210e-03
1.00983e-02
1.04282e-02
1.02991e-02
1.08147e-02
1.08078e-02
1.06139e-02
1.07028e-02
1.08531e-02
1.05518e-02
1.10083e-02
1.05480e-02
1.17163e-02
1.14608e-02
1.13871e-02
1.19241e-02
1.21659e-02
1.19500e-02
1.16942e-02
1.21041e-02
1.20236e-02
1.27586e-02
1.22424e-02
1.24253e-02
1.23756e-02
1.29684e-02
1.26941e-02
1.23201e-02
1.33291e-02
1.31718e-02
1.34543e-02
1.27915e-02
1.27806e-02
1.35286e-02
1.31619e-02
1.30762e-02
1.33125e-02
1.35886e-02
1.35863e-02
1.39290e-02
1.35156e-02
1.38449e-02
1.36634e-02
1.38061e-02
1.37164e-02
1.38044e-02
1.42041e-02
1.39111e-02
1.43449e-02
1.43934e-02
1.42753e-02
1.39755e-02
1.50021e-02
1.48986e-02
1.37519e-02
1.40968e-02
1.39166e-02
1.41080e-02
1.36864e-02
1.34834e-02
1.54875e-02
1.61176e-02
1.37496e-02
1.36620e-02
1.35944e-02
1.41398e-02
1.37751e-02
1.33150e-02
1.32449e-02
1.36606e-02
1.35911e-02
1.35386e-02
1.37268e-02
1.37912e-02
1.30552e-02
1.34135e-02
1.33457e-02
1.28705e-02
1.30367e-02
1.32183e-02
1.28194e-02
1.31975e-02
1.27106e-02
1.23211e-02
1.21818e-02
1.23502e-02
1.25575e-02
1.23694e-02
1.18857e-02
1.25927e-02
1.28783e-02
1.19433e-02
1.22339e-02
1.22934e-02
1.19469e-02
1.13302e-02
1.11859e-02
1.18859e-02
1.26054e-02
1.11106e-02
1.11735e-02
1.06712e-02
1.06413e-02
1.07852e-02
1.03391e-02
1.00951e-02
9.94003e-03
1.06548e-02
1.11084e-02
1.07121e-02
9.94893e-03
9.94173e-03
9.56530e-03
9.41283e-03
9.70036e-03
9.09869e-03
9.63991e-03
9.26939e-03
9.16742e-03
9.28066e-03
9.01830e-03
9.10979e-03
9.11502e-03
8.95119e-03
8.96174e-03
8.36355e-03
8.64023e-03
8.17761e-03
8.63463e-03
8.05123e-03
8.28874e-03
8.09880e-03
7.82710e-03
8.02175e-03
8.21622e-03
7.86147e-03
7.46820e-03
7.46098e-03
7.26231e-03
7.44728e-03
7.26978e-03
7.52578e-03
7.19462e-03
7.14276e-03
6.98737e-03
6.85142e-03
7.28877e-03
6.86170e-03
6.98392e-03
6.88264e-03
6.96386e-03
6.70767e-03
7.02140e-03
6.76217e-03
6.59976e-03
6.73321e-03
6.80058e-03
6.57253e-03
6.56946e-03
6.76234e-03
6.62703e-03
6.64648e-03
6.71747e-03
6.59591e-03
6.55822e-03
6.56872e-03
6.35110e-03
6.28797e-03
6.82847e-03
6.35671e-03
6.51796e-03
6.61095e-03
6.74123e-03
6.31303e-03
6.62789e-03
6.74462e-03
6.34588e-03
6.41670e-03
6.50226e-03
6.39036e-03
6.43042e-03
6.34476e-03
6.49241e-03
6.68704e-03
6.52024e-03
6.71248e-03
6.76367e-03
6.75727e-03
7.19719e-03
6.96927e-03
6.86965e-03
6.58225e-03
6.98609e-03
6.74635e-03
7.29409e-03
7.24686e-03
6.91813e-03
7.69536e-03
6.86606e-03
7.23694e-03
7.61174e-03
7.80193e-03
7.85497e-03
7.82439e-03
7.56135e-03
7.69870e-03
8.20584e-03
7.87270e-03
7.80175e-03
8.13787e-03
8.13400e-03
8.41287e-03
8.12009e-03
8.52858e-03
8.74217e-03
8.84922e-03
8.82096e-03
8.63700e-03
8.68852e-03
8.93358e-03
9.27310e-03
9.21960e-03
9.58909e-03
9.48323e-03
9.59127e-03
9.76173e-03
9.76379e-03
1.02617e-02
1.07564e-02
1.06107e-02
1.02424e-02
1.00162e-02
1.04182e-02
1.06182e-02
1.12993e-02
1.09147e-02
1.05169e-02
1.04094e-02
1.07601e-02
1.13632e-02
1.11488e-02
1.13931e-02
1.18155e-02
1.22551e-02
1.17942e-02
1.12674e-02
1.14261e-02
1.19575e-02
1.20387e-02
1.17355e-02
1.14260e-02
1.11812e-02
1.14352e-02
1.14600e-02
1.17369e-02
1.13554e-02
1.23236e-02
1.18098e-02
1.19240e-02
1.17119e-02
1.18253e-02
1.13965e-02
1.17823e-02
1.18510e-02
1.14935e-02
1.16059e-02
1.24153e-02
1.37162e-02
1.14321e-02
1.15821e-02
1.10472e-02
1.09630e-02
1.07816e-02
1.13580e-02
1.16482e-02
1.13488e-02
1.10645e-02
1.13184e-02
1.23215e-02
1.13220e-02
1.09217e-02
1.08271e-02
1.10069e-02
1.03569e-02
1.00527e-02
1.01052e-02
9.88078e-03
1.03965e-02
1.03300e-02
1.14799e-02
1.10925e-02
1.02373e-02
9.98280e-03
9.94619e-03
1.02904e-02
1.01791e-02
9.85387e-03
1.01084e-02
9.57299e-03
9.04243e-03
9.11721e-03
9.39713e-03
9.05580e-03
9.36150e-03
9.05259e-03
9.41339e-03
8.31395e-03
8.68059e-03
8.04999e-03
8.96665e-03
8.38297e-03
8.77006e-03
8.34830e-03
7.95346e-03
8.19652e-03
8.14064e-03
7.72796e-03
7.97143e-03
7.40450e-03
7.90042e-03
6.84749e-03
7.00126e-03
6.99284e-03
7.08741e-03
6.85489e-03
6.57775e-03
6.97286e-03
7.49251e-03
6.72787e-03
7.00625e-03
6.87925e-03
6.70503e-03
6.62476e-03
6.30149e-03
6.26712e-03
6.53960e-03
6.56488e-03
6.58017e-03
5.82681e-03
5.89060e-03
6.07155e-03
5.76739e-03
5.75625e-03
5.65966e-03
5.73485e-03
5.91469e-03
5.55125e-03
5.44740e-03
5.52611e-03
5.49012e-03
5.28664e-03
5.48405e-03
5.61468e-03
5.48068e-03
5.45873e-03
5.47694e-03
5.20072e-03
5.25128e-03
5.52567e-03
5.31316e-03
5.22397e-03
5.36017e-03
5.39528e-03
5.53055e-03
5.16938e-03
5.17282e-03
5.10302e-03
5.23130e-03
5.23929e-03
5.01032e-03
5.14527e-03
5.44166e-03
5.49382e-03
5.07276e-03
5.05227e-03
5.11020e-03
5.34514e-03
5.19570e-03
5.39665e-03
5.25485e-03
5.25314e-03
5.34932e-03
5.15908e-03
5.08305e-03
5.14782e-03
5.25946e-03
5.32192e-03
5.26338e-03
5.56062e-03
5.58311e-03
5.63599e-03
5.87090e-03
5.55878e-03
5.70611e-03
5.75776e-03
5.88387e-03
5.88022e-03
5.77118e-03
5.98045e-03
5.68578e-03
6.41967e-03
6.92071e-03
6.84065e-03
6.15748e-03
6.03001e-03
6.33121e-03
6.57615e-03
7.04178e-03
6.44123e-03
6.70786e-03
7.03925e-03
6.66546e-03
6.88599e-03
7.53450e-03
7.45218e-03
7.52842e-03
7.80014e-03
7.40322e-03
7.31159e-03
7.94812e-03
7.94544e-03
7.87163e-03
7.89121e-03
7.79576e-03
8.67116e-03
9.35536e-03
8.32331e-03
8.62614e-03
8.22467e-03
8.81598e-03
1.01695e-02
8.89004e-03
8.75989e-03
8.98129e-03
9.57099e-03
9.88448e-03
9.39177e-03
1.03197e-02
9.68640e-03
1.05763e-02
1.01155e-02
1.03781e-02
9.71988e-03
9.59239e-03
1.03780e-02
9.54961e-03
9.66981e-03
9.86267e-03
9.92058e-03
9.87913e-03
1.01271e-02
1.01562e-02
1.09400e-02
9.91682e-03
1.03215e-02
1.15918e-02
1.09720e-02
1.00808e-02
1.03814e-02
9.62307e-03
9.98537e-03
1.03237e-02
1.01179e-02
1.04937e-02
1.02962e-02
9.84895e-03
9.90858e-03
9.87117e-03
9.81066e-03
9.99057e-03
1.05634e-02
1.07031e-02
1.07267e-02
1.04878e-02
1.00497e-02
9.86051e-03
1.07933e-02
1.16433e-02
9.65226e-03
1.02634e-02
1.07710e-02
9.40451e-03
9.67834e-03
9.97550e-03
1.05248e-02
9.31411e-03
8.99469e-03
9.02710e-03
9.50668e-03
8.87353e-03
8.61964e-03
8.85364e-03
9.09220e-03
8.64949e-03
8.89503e-03
8.64021e-03
8.49560e-03
8.06947e-03
8.09510e-03
8.90151e-03
7.95732e-03
8.19517e-03
7.78554e-03
7.55452e-03
7.53180e-03
7.86220e-03
7.69363e-03
7.71927e-03
7.93200e-03
7.77603e-03
7.57150e-03
6.83590e-03
6.88282e-03
6.77255e-03
6.98822e-03
7.52004e-03
7.19641e-03
6.53846e-03
7.01667e-03
6.70979e-03
6.37226e-03
6.47694e-03
6.57075e-03
6.80070e-03
6.42787e-03
5.88300e-03
6.36913e-03
5.98299e-03
5.63768e-03
5.88216e-03
5.78933e-03
6.05440e-03
6.15011e-03
5.98011e-03
5.80100e-03
5.44627e-03
5.51903e-03
5.36114e-03
5.20027e-03
5.22278e-03
5.26692e-03
5.03551e-03
5.00809e-03
5.18616e-03
5.12958e-03
4.99738e-03
4.80927e-03
5.01400e-03
5.09155e-03
4.64884e-03
4.86029e-03
4.62850e-03
4.45261e-03
4.66495e-03
4.45873e-03
4.71437e-03
4.29570e-03
4.52767e-03
4.79544e-03
4.37419e-03
4.29634e-03
4.41978e-03
4.49539e-03
4.38981e-03
4.39954e-03
4.87793e-03
4.45750e-03
4.71817e-03
4.22637e-03
4.26223e-03
4.39395e-03
4.54094e-03
4.40229e-03
4.62324e-03
4.49174e-03
4.28387e-03
4.39855e-03
4.59536e-03
4.32085e-03
4.72665e-03
4.47299e-03
4.45501e-03
4.28411e-03
4.60759e-03
4.69757e-03
4.63482e-03
4.50049e-03
4.56924e-03
4.76610e-03
4.78020e-03
4.77472e-03
4.85708e-03
4.97975e-03
4.74042e-03
5.59803e-03
5.26417e-03
4.70566e-03
5.10156e-03
5.07550e-03
5.49580e-03
5.46343e-03
5.55342e-03
5.25309e-03
5.25710e-03
5.54711e-03
5.56420e-03
5.92460e-03
5.74902e-03
5.80533e-03
5.86820e-03
5.80819e-03
6.05921e-03
6.41936e-03
6.09901e-03
6.26893e-03
6.17204e-03
6.55067e-03
6.71062e-03
6.58698e-03
7.84449e-03
6.95067e-03
7.97458e-03
7.70554e-03
7.36381e-03
7.06969e-03
7.49115e-03
7.62709e-03
7.59342e-03
7.51401e-03
7.34296e-03
8.86655e-03
8.65153e-03
8.53013e-03
8.25964e-03
8.69890e-03
9.13755e-03
9.15971e-03
9.07909e-03
8.50249e-03
8.34545e-03
8.61574e-03
9.39765e-03
9.10325e-03
8.80415e-03
9.53363e-03
9.38775e-03
8.82417e-03
9.33384e-03
8.87184e-03
1.38658e-02
1.24312e-02
1.02394e-02
9.16210e-03
9.88282e-03
9.74458e-03
9.49271e-03
9.95317e-03
9.72463e-03
9.91444e-03
9.43096e-03
9.21575e-03
9.95598e-03
9.39605e-03
1.21218e-02
9.52720e-03
9.68081e-03
9.68639e-03
9.67748e-03
9.21330e-03
8.81240e-03
