2.49435e-01
1.47552e-01
1.21119e-01
1.06566e-01
9.57581e-02
8.77970e-02
8.18333e-02
7.78914e-02
7.55090e-02
7.33718e-02
7.23373e-02
7.05676e-02
6.98963e-02
6.90732e-02
6.79677e-02
6.73804e-02
6.75068e-02
6.65342e-02
6.57788e-02
6.52142e-02
6.44876e-02
6.45864e-02
6.34394e-02
6.24747e-02
6.25538e-02
6.19596e-02
6.11971e-02
6.11325e-02
6.04471e-02
5.99807e-02
5.91420e-02
5.87853e-02
5.84273e-02
5.80890e-02
5.77935e-02
5.72784e-02
5.66279e-02
5.60780e-02
5.65481e-02
5.55434e-02
5.50266e-02
5.46391e-02
5.45520e-02
5.42498e-02
5.38360e-02
5.35587e-02
5.32787e-02
5.26803e-02
5.30110e-02
5.21309e-02
5.20391e-02
5.15524e-02
5.14830e-02
5.11393e-02
5.05622e-02
5.06345e-02
5.03190e-02
5.02835e-02
4.99421e-02
4.95635e-02
4.94287e-02
4.94980e-02
4.89584e-02
4.93203e-02
4.88896e-02
4.85572e-02
4.84161e-02
4.81420e-02
4.81906e-02
4.77148e-02
4.80150e-02
4.77106e-02
4.74712e-02
4.74839e-02
4.72914e-02
4.70722e-02
4.69045e-02
4.68859e-02
4.69040e-02
4.65732e-02
4.67666e-02
4.63700e-02
4.64261e-02
4.63337e-02
4.61373e-02
4.65343e-02
4.62241e-02
4.59799e-02
4.60838e-02
4.59446e-02
4.59299e-02
4.61130e-02
4.58698e-02
4.59767e-02
4.58557e-02
4.57804e-02
4.59046e-02
4.57680e-02
4.58152e-02
4.56524e-02
4.57061e-02
4.58164e-02
4.58902e-02
4.56405e-02
4.58427e-02
4.58369e-02
4.57411e-02
4.56419e-02
4.57329e-02
4.57747e-02
4.58654e-02
4.58765e-02
4.60188e-02
4.59609e-02
4.59426e-02
4.60611e-02
4.59621e-02
4.61770e-02
4.60704e-02
4.58479e-02
4.59286e-02
4.63807e-02
4.64404e-02
4.62244e-02
4.62994e-02
4.61534e-02
4.66020e-02
4.63746e-02
4.64477e-02
4.63653e-02
4.68496e-02
4.63557e-02
4.64713e-02
4.67384e-02
4.65091e-02
4.66054e-02
4.67752e-02
4.64991e-02
4.65615e-02
4.66331e-02
4.66268e-02
4.67003e-02
4.66404e-02
4.67911e-02
4.65258e-02
4.65633e-02
4.65898e-02
4.68125e-02
4.66392e-02
4.66514e-02
4.65561e-02
4.68146e-02
4.70113e-02
4.65283e-02
4.66963e-02
4.67338e-02
4.66781e-02
4.69356e-02
4.70322e-02
4.67990e-02
4.67485e-02
4.63795e-02
4.66814e-02
4.68113e-02
4.67083e-02
4.65774e-02
4.63261e-02
4.66046e-02
4.70030e-02
4.64897e-02
4.66032e-02
4.66151e-02
4.64426e-02
4.65684e-02
4.64793e-02
4.64584e-02
4.68593e-02
4.62238e-02
4.66281e-02
4.66457e-02
4.66200e-02
4.63626e-02
4.60323e-02
4.63170e-02
4.60827e-02
4.60659e-02
4.62094e-02
4.57340e-02
4.58961e-02
4.57211e-02
4.57264e-02
4.55361e-02
4.57523e-02
4.55297e-02
4.54956e-02
4.54894e-02
4.51190e-02
4.53284e-02
4.53023e-02
4.53306e-02
4.50991e-02
4.51642e-02
4.48916e-02
4.52451e-02
4.50709e-02
4.45193e-02
4.44926e-02
4.48519e-02
4.46084e-02
4.39309e-02
4.43456e-02
4.39532e-02
4.38637e-02
4.38766e-02
4.37138e-02
4.34422e-02
4.35565e-02
4.34338e-02
4.35681e-02
4.32241e-02
4.32452e-02
4.28521e-02
4.28256e-02
4.28733e-02
4.24481e-02
4.26045e-02
4.26783e-02
4.26533e-02
4.24441e-02
4.20650e-02
4.19674e-02
4.22826e-02
4.18997e-02
4.16024e-02
4.13519e-02
4.12766e-02
4.12241e-02
4.09719e-02
4.10169e-02
4.07937e-02
4.09057e-02
4.05432e-02
4.07229e-02
4.02902e-02
4.02464e-02
4.00494e-02
3.98848e-02
3.97743e-02
3.97558e-02
3.97439e-02
3.97747e-02
4.00156e-02
3.92702e-02
3.93247e-02
3.90764e-02
3.87339e-02
3.86481e-02
3.87049e-02
3.84556e-02
3.87022e-02
3.84570e-02
3.80364e-02
3.80185e-02
3.81530e-02
3.80211e-02
3.77838e-02
3.77713e-02
3.78128e-02
3.74354e-02
3.74349e-02
3.72569e-02
3.72442e-02
3.70656e-02
3.70552e-02
3.70056e-02
3.67145e-02
3.71083e-02
3.69677e-02
3.67537e-02
3.67897e-02
3.64887e-02
3.64723e-02
3.65840e-02
3.64899e-02
3.63549e-02
3.62569e-02
3.61221e-02
3.61829e-02
3.61255e-02
3.61632e-02
3.61263e-02
3.61902e-02
3.58229e-02
3.60740e-02
3.59797e-02
3.60030e-02
3.58328e-02
3.59858e-02
3.59349e-02
3.59570e-02
3.59714e-02
3.59916e-02
3.59440e-02
3.60640e-02
3.59351e-02
3.60159e-02
3.59498e-02
3.60349e-02
3.60229e-02
3.61121e-02
3.60649e-02
3.60497e-02
3.62515e-02
3.62315e-02
3.60045e-02
3.62609e-02
3.62951e-02
3.62646e-02
3.64470e-02
3.64989e-02
3.64952e-02
3.66179e-02
3.68477e-02
3.67542e-02
3.65142e-02
3.67357e-02
3.67935e-02
3.67453e-02
3.69401e-02
3.71209e-02
3.69543e-02
3.70766e-02
3.75126e-02
3.71729e-02
3.74589e-02
3.73623e-02
3.75108e-02
3.74360e-02
3.76334e-02
3.77265e-02
3.80852e-02
3.81619e-02
3.80607e-02
3.80184e-02
3.80786e-02
3.86722e-02
3.84691e-02
3.82697e-02
3.84143e-02
3.86678e-02
3.82634e-02
3.86307e-02
3.88907e-02
3.86686e-02
3.88853e-02
3.86303e-02
3.88515e-02
3.90535e-02
3.91098e-02
3.91896e-02
3.97674e-02
3.90712e-02
3.94282e-02
3.92726e-02
3.95443e-02
3.96635e-02
3.99752e-02
3.98999e-02
3.97075e-02
3.97110e-02
3.99259e-02
3.97076e-02
3.99889e-02
3.94734e-02
4.02357e-02
3.99010e-02
4.00580e-02
4.03173e-02
4.03814e-02
4.02225e-02
4.04426e-02
4.03762e-02
4.05195e-02
4.01795e-02
4.04261e-02
4.02476e-02
4.04111e-02
3.99205e-02
4.00049e-02
4.01954e-02
4.00759e-02
4.04641e-02
4.02963e-02
4.04945e-02
4.05064e-02
4.05400e-02
4.06471e-02
4.06022e-02
4.04649e-02
4.00660e-02
3.97560e-02
4.02762e-02
4.00838e-02
3.97108e-02
4.02823e-02
3.98835e-02
3.98261e-02
3.98395e-02
3.97903e-02
3.94771e-02
3.96371e-02
3.93745e-02
3.93855e-02
3.95321e-02
3.96157e-02
3.90874e-02
3.93022e-02
3.93539e-02
3.90763e-02
3.90966e-02
3.86061e-02
3.87254e-02
3.86752e-02
3.85881e-02
3.87088e-02
3.88898e-02
3.85567e-02
3.81724e-02
3.83490e-02
3.79267e-02
3.81619e-02
3.77653e-02
3.77828e-02
3.76616e-02
3.78718e-02
3.74452e-02
3.75336e-02
3.73903e-02
3.74035e-02
3.72176e-02
3.70131e-02
3.70334e-02
3.66129e-02
3.66472e-02
3.67803e-02
3.67877e-02
3.67239e-02
3.61203e-02
3.60487e-02
3.62804e-02
3.61637e-02
3.56574e-02
3.56454e-02
3.59398e-02
3.56864e-02
3.55143e-02
3.52382e-02
3.52484e-02
3.48935e-02
3.52102e-02
3.50955e-02
3.49433e-02
3.47046e-02
3.49341e-02
3.46895e-02
3.45096e-02
3.45004e-02
3.42613e-02
3.41540e-02
3.42169e-02
3.40804e-02
3.39874e-02
3.41398e-02
3.38940e-02
3.37442e-02
3.37260e-02
3.34911e-02
3.36230e-02
3.36992e-02
3.35688e-02
3.35315e-02
3.33236e-02
3.32583e-02
3.31672e-02
3.30894e-02
3.36405e-02
3.32837e-02
3.30307e-02
3.29996e-02
3.29837e-02
3.30494e-02
3.29967e-02
3.31304e-02
3.29088e-02
3.31019e-02
3.28841e-02
3.28309e-02
3.30176e-02
3.28392e-02
3.27605e-02
3.28585e-02
3.30985e-02
3.30541e-02
3.29584e-02
3.28599e-02
3.31533e-02
3.28867e-02
3.31516e-02
3.29290e-02
3.28689e-02
3.31515e-02
3.30284e-02
3.33661e-02
3.30259e-02
3.30896e-02
3.33877e-02
3.31195e-02
3.31231e-02
3.32964e-02
3.33625e-02
3.33306e-02
3.34349e-02
3.33938e-02
3.36552e-02
3.35737e-02
3.35625e-02
3.37004e-02
3.38496e-02
3.39499e-02
3.41059e-02
3.40291e-02
3.43193e-02
3.42695e-02
3.44105e-02
3.43028e-02
3.42250e-02
3.47538e-02
3.48133e-02
3.45810e-02
3.48211e-02
3.47987e-02
3.49879e-02
3.49761e-02
3.49594e-02
3.54610e-02
3.57492e-02
3.56327e-02
3.54562e-02
3.55827e-02
3.58519e-02
3.60182e-02
3.59277e-02
3.56926e-02
3.59122e-02
3.62164e-02
3.57580e-02
3.64012e-02
3.64942e-02
3.62367e-02
3.71016e-02
3.62939e-02
3.64710e-02
3.69033e-02
3.68757e-02
3.67743e-02
3.69340e-02
3.69332e-02
3.70025e-02
3.69969e-02
3.70526e-02
3.71077e-02
3.69541e-02
3.75994e-02
3.75006e-02
3.74392e-02
3.75924e-02
3.76023e-02
3.78638e-02
3.75057e-02
3.77586e-02
3.77639e-02
3.77507e-02
3.78361e-02
3.80037e-02
3.79225e-02
3.77960e-02
3.81153e-02
3.77517e-02
3.76748e-02
3.77316e-02
3.81679e-02
3.77783e-02
3.84495e-02
3.79599e-02
3.82451e-02
3.78818e-02
3.77102e-02
3.78334e-02
3.78252e-02
3.84800e-02
3.78842e-02
3.78491e-02
3.80873e-02
3.78895e-02
3.76490e-02
3.76642e-02
3.74378e-02
3.75389e-02
3.75199e-02
3.76190e-02
3.75938e-02
3.72869e-02
3.76086e-02
3.74385e-02
3.72871e-02
3.72367e-02
3.71201e-02
3.70097e-02
3.76216e-02
3.71141e-02
3.68623e-02
3.68184e-02
3.66784e-02
3.67757e-02
3.68069e-02
3.67673e-02
3.71364e-02
3.68109e-02
3.65076e-02
3.66302e-02
3.63564e-02
3.59319e-02
3.57141e-02
3.58996e-02
3.59897e-02
3.58895e-02
3.55477e-02
3.56743e-02
3.54518e-02
3.54823e-02
3.51444e-02
3.53158e-02
3.51951e-02
3.50865e-02
3.48691e-02
3.44875e-02
3.47721e-02
3.47877e-02
3.45053e-02
3.43542e-02
3.43705e-02
3.43518e-02
3.41874e-02
3.37782e-02
3.38453e-02
3.38174e-02
3.36894e-02
3.35238e-02
3.35379e-02
3.34414e-02
3.32262e-02
3.31459e-02
3.31181e-02
3.31757e-02
3.30492e-02
3.27469e-02
3.28175e-02
3.27577e-02
3.26886e-02
3.26225e-02
3.26730e-02
3.25236e-02
3.23059e-02
3.23576e-02
3.20498e-02
3.20776e-02
3.19921e-02
3.17910e-02
3.19584e-02
3.19135e-02
3.16725e-02
3.17285e-02
3.15870e-02
3.18912e-02
3.17749e-02
3.17233e-02
3.13575e-02
3.13548e-02
3.17040e-02
3.13451e-02
3.15962e-02
3.14888e-02
3.13524e-02
3.12967e-02
3.13622e-02
3.14885e-02
3.12624e-02
3.14011e-02
3.14283e-02
3.12482e-02
3.14719e-02
3.12914e-02
3.13150e-02
3.13280e-02
3.13672e-02
3.12263e-02
3.12663e-02
3.14333e-02
3.14194e-02
3.14427e-02
3.14516e-02
3.14232e-02
3.13988e-02
3.15107e-02
3.16250e-02
3.17565e-02
3.16639e-02
3.17164e-02
3.19429e-02
3.17629e-02
3.23624e-02
3.19611e-02
3.17491e-02
3.20553e-02
3.23507e-02
3.20686e-02
3.21483e-02
3.22195e-02
3.22795e-02
3.24104e-02
3.23816e-02
3.24764e-02
3.25027e-02
3.25859e-02
3.28467e-02
3.27924e-02
3.28170e-02
3.28448e-02
3.30314e-02
3.31773e-02
3.31216e-02
3.34331e-02
3.37105e-02
3.34572e-02
3.36607e-02
3.38369e-02
3.38599e-02
3.42576e-02
3.39799e-02
3.38383e-02
3.43489e-02
3.41951e-02
3.44109e-02
3.43716e-02
3.45915e-02
3.44293e-02
3.46174e-02
3.51293e-02
3.50157e-02
3.54488e-02
3.50519e-02
3.51432e-02
3.52796e-02
3.53064e-02
3.53542e-02
3.56013e-02
3.54811e-02
3.57882e-02
3.55987e-02
3.56277e-02
3.60783e-02
3.56786e-02
3.56999e-02
3.60442e-02
3.60066e-02
3.59523e-02
3.58478e-02
3.60080e-02
3.60903e-02
3.64311e-02
3.67516e-02
3.64616e-02
3.61933e-02
3.62398e-02
3.64832e-02
3.67273e-02
3.64334e-02
3.66515e-02
3.66072e-02
3.66406e-02
3.64322e-02
3.66225e-02
3.64852e-02
3.65789e-02
3.66984e-02
3.67904e-02
3.68279e-02
3.67866e-02
3.70014e-02
3.68871e-02
3.68308e-02
3.66210e-02
3.62592e-02
3.63607e-02
3.64902e-02
3.69573e-02
3.66103e-02
3.64548e-02
3.61570e-02
3.61126e-02
3.65011e-02
3.64017e-02
3.65466e-02
3.58265e-02
3.59546e-02
3.58580e-02
3.58782e-02
3.58412e-02
3.58503e-02
3.56797e-02
3.59611e-02
3.58813e-02
3.56729e-02
3.56056e-02
3.54674e-02
3.55586e-02
3.55531e-02
3.53084e-02
3.56276e-02
3.53443e-02
3.52355e-02
3.48695e-02
3.48542e-02
3.45992e-02
3.45216e-02
3.44860e-02
3.42334e-02
3.44164e-02
3.41660e-02
3.40019e-02
3.40848e-02
3.42664e-02
3.38835e-02
3.38538e-02
3.40868e-02
3.36471e-02
3.35713e-02
3.34249e-02
3.35600e-02
3.30455e-02
3.31289e-02
3.31701e-02
3.31761e-02
3.31387e-02
3.27345e-02
3.26649e-02
3.25003e-02
3.23903e-02
3.23605e-02
3.23778e-02
3.22205e-02
3.23167e-02
3.21320e-02
3.23064e-02
3.18977e-02
3.20739e-02
3.17080e-02
3.17861e-02
3.15344e-02
3.15727e-02
3.14212e-02
3.13360e-02
3.14502e-02
3.13839e-02
3.10034e-02
3.09085e-02
3.12665e-02
3.08364e-02
3.08579e-02
3.09198e-02
3.06312e-02
3.07108e-02
3.09528e-02
3.07478e-02
3.07341e-02
3.02442e-02
3.04884e-02
3.05771e-02
3.04021e-02
3.06446e-02
3.04255e-02
3.04177e-02
3.02159e-02
3.06764e-02
3.04282e-02
3.03229e-02
3.03259e-02
3.04680e-02
3.02703e-02
3.04222e-02
3.02284e-02
3.01177e-02
3.01713e-02
3.02398e-02
3.02215e-02
3.02474e-02
3.02097e-02
3.02900e-02
3.03764e-02
3.02349e-02
3.02582e-02
3.06150e-02
3.03554e-02
3.06198e-02
3.03781e-02
3.06017e-02
3.06727e-02
3.06276e-02
3.05783e-02
3.06990e-02
3.07196e-02
3.08944e-02
3.09403e-02
3.07929e-02
3.10791e-02
3.13134e-02
3.10934e-02
3.12802e-02
3.10128e-02
3.13944e-02
3.14375e-02
3.12826e-02
3.16294e-02
3.15346e-02
3.19247e-02
3.18552e-02
3.19624e-02
3.23057e-02
3.20307e-02
3.23306e-02
3.21873e-02
3.23354e-02
3.26881e-02
3.23868e-02
3.26874e-02
3.26894e-02
3.27200e-02
3.29320e-02
3.31700e-02
3.28966e-02
3.30538e-02
3.38111e-02
3.32938e-02
3.35328e-02
3.36665e-02
3.33804e-02
3.38729e-02
3.37565e-02
3.37524e-02
3.39780e-02
3.43039e-02
3.41639e-02
3.41749e-02
3.41517e-02
3.44961e-02
3.42983e-02
3.46917e-02
3.47182e-02
3.48514e-02
3.47445e-02
3.49550e-02
3.44405e-02
3.44779e-02
3.47152e-02
3.52355e-02
3.48143e-02
3.52042e-02
3.50291e-02
3.52059e-02
3.52933e-02
3.56233e-02
3.57086e-02
3.54816e-02
3.57187e-02
3.56434e-02
3.54506e-02
3.55439e-02
3.59417e-02
3.56804e-02
3.56013e-02
3.55974e-02
3.54299e-02
3.54989e-02
3.54988e-02
3.57583e-02
3.58303e-02
3.57928e-02
3.54850e-02
3.62046e-02
3.57729e-02
