2.93603e-01
2.04281e-01
1.57412e-01
1.37137e-01
1.25425e-01
1.18477e-01
1.13235e-01
1.08572e-01
1.04576e-01
1.01085e-01
9.69855e-02
9.23807e-02
8.88746e-02
8.68829e-02
8.41091e-02
8.20817e-02
8.03443e-02
7.84557e-02
7.69457e-02
7.57886e-02
7.38728e-02
7.26086e-02
7.11298e-02
6.96666e-02
6.88043e-02
6.78295e-02
6.64849e-02
6.56310e-02
6.46921e-02
6.35956e-02
6.25867e-02
6.08950e-02
5.96793e-02
5.95533e-02
5.88384e-02
5.77997e-02
5.67996e-02
5.60249e-02
5.55508e-02
5.46383e-02
5.44124e-02
5.33071e-02
5.28264e-02
5.28143e-02
5.17972e-02
5.14211e-02
5.09090e-02
5.05994e-02
4.97397e-02
4.92574e-02
4.86560e-02
4.86885e-02
4.86637e-02
4.80696e-02
4.80339e-02
4.70236e-02
4.65017e-02
4.68206e-02
4.67132e-02
4.54523e-02
4.51107e-02
4.49347e-02
4.51603e-02
4.50115e-02
4.43964e-02
4.38295e-02
4.34503e-02
4.34133e-02
4.36967e-02
4.27914e-02
4.27774e-02
4.24669e-02
4.19485e-02
4.22066e-02
4.20678e-02
4.16114e-02
4.14213e-02
4.16333e-02
4.13846e-02
4.11739e-02
4.09317e-02
4.07988e-02
4.11755e-02
4.06261e-02
4.08116e-02
4.04758e-02
4.03979e-02
4.08013e-02
4.01346e-02
4.03197e-02
4.02637e-02
4.02414e-02
4.02338e-02
4.02208e-02
4.00619e-02
4.01326e-02
3.99605e-02
3.99328e-02
4.00245e-02
4.03208e-02
4.02059e-02
4.01305e-02
3.99569e-02
4.02020e-02
4.05572e-02
4.01118e-02
3.99360e-02
4.02124e-02
4.05520e-02
4.06488e-02
4.02955e-02
4.01827e-02
3.99335e-02
4.00471e-02
4.03741e-02
4.00553e-02
4.04015e-02
4.03745e-02
4.04055e-02
4.05289e-02
4.00114e-02
4.03508e-02
4.05920e-02
4.02506e-02
4.00736e-02
4.01691e-02
4.05495e-02
4.02380e-02
4.02901e-02
4.01922e-02
4.07547e-02
4.01555e-02
4.03858e-02
4.01398e-02
4.02152e-02
4.02913e-02
4.01650e-02
4.03820e-02
4.01946e-02
4.04029e-02
4.01570e-02
4.05281e-02
4.06036e-02
4.01886e-02
4.00185e-02
3.97746e-02
4.03442e-02
4.01495e-02
4.00417e-02
3.99609e-02
3.98981e-02
4.01608e-02
3.98869e-02
4.02298e-02
3.98542e-02
4.00214e-02
3.93068e-02
4.04382e-02
3.99204e-02
3.99619e-02
3.98098e-02
3.95045e-02
4.03018e-02
3.95312e-02
3.98606e-02
3.99794e-02
3.91616e-02
3.97643e-02
3.91479e-02
3.94506e-02
4.05022e-02
3.96516e-02
3.90754e-02
3.87595e-02
3.90660e-02
3.97781e-02
3.97565e-02
3.87590e-02
3.92149e-02
3.85698e-02
3.88629e-02
3.92771e-02
3.84034e-02
3.82799e-02
3.86293e-02
3.85928e-02
3.79681e-02
3.78459e-02
3.76910e-02
3.84102e-02
3.83034e-02
3.88449e-02
3.75588e-02
3.77094e-02
3.70299e-02
3.71143e-02
3.71425e-02
3.74211e-02
3.65218e-02
3.66176e-02
3.65983e-02
3.72960e-02
3.68102e-02
3.63739e-02
3.64371e-02
3.68747e-02
3.62825e-02
3.57553e-02
3.57679e-02
3.52036e-02
3.56036e-02
3.52385e-02
3.49035e-02
3.52326e-02
3.54955e-02
3.41273e-02
3.49116e-02
3.48542e-02
3.41689e-02
3.40370e-02
3.37141e-02
3.36429e-02
3.33547e-02
3.39796e-02
3.38666e-02
3.24994e-02
3.24355e-02
3.28266e-02
3.26670e-02
3.28187e-02
3.25392e-02
3.17853e-02
3.25347e-02
3.16627e-02
3.16051e-02
3.14673e-02
3.16529e-02
3.07540e-02
3.08560e-02
3.05909e-02
3.03488e-02
3.05760e-02
3.00496e-02
3.01772e-02
3.06576e-02
3.00711e-02
3.00322e-02
2.93455e-02
2.93831e-02
2.93932e-02
2.91143e-02
2.88870e-02
2.87901e-02
2.88436e-02
2.80628e-02
2.83069e-02
2.82495e-02
2.80877e-02
2.79173e-02
2.79976e-02
2.80868e-02
2.75550e-02
2.73056e-02
2.71189e-02
2.72358e-02
2.68179e-02
2.69059e-02
2.68287e-02
2.66455e-02
2.66243e-02
2.65558e-02
2.67144e-02
2.61524e-02
2.61111e-02
2.59842e-02
2.63386e-02
2.60045e-02
2.58950e-02
2.61111e-02
2.57196e-02
2.57020e-02
2.59758e-02
2.55011e-02
2.52640e-02
2.53907e-02
2.52433e-02
2.53848e-02
2.52364e-02
2.51772e-02
2.53552e-02
2.53005e-02
2.49476e-02
2.49877e-02
2.51613e-02
2.51582e-02
2.49292e-02
2.48789e-02
2.49960e-02
2.55606e-02
2.50654e-02
2.50077e-02
2.54214e-02
2.53141e-02
2.48617e-02
2.50569e-02
2.48657e-02
2.50097e-02
2.50728e-02
2.56493e-02
2.49459e-02
2.50137e-02
2.51354e-02
2.50801e-02
2.54486e-02
2.51860e-02
2.51986e-02
2.53321e-02
2.52706e-02
2.54689e-02
2.55915e-02
2.53598e-02
2.58062e-02
2.55455e-02
2.57688e-02
2.62160e-02
2.58262e-02
2.53360e-02
2.58206e-02
2.59247e-02
2.58705e-02
2.63966e-02
2.63394e-02
2.64840e-02
2.64167e-02
2.65185e-02
2.61765e-02
2.63233e-02
2.65374e-02
2.64643e-02
2.65837e-02
2.70711e-02
2.71242e-02
2.76930e-02
2.82234e-02
2.83867e-02
2.87562e-02
2.79318e-02
2.77203e-02
2.77166e-02
2.75721e-02
2.75758e-02
2.83692e-02
2.83421e-02
2.86753e-02
2.90158e-02
2.89534e-02
2.83013e-02
2.88059e-02
2.91707e-02
2.95444e-02
2.87515e-02
2.95621e-02
2.91720e-02
2.88113e-02
2.90588e-02
2.92943e-02
2.92545e-02
2.89706e-02
2.94714e-02
2.99855e-02
3.05228e-02
2.94640e-02
3.00655e-02
2.94662e-02
2.94733e-02
2.97480e-02
2.98616e-02
3.07893e-02
3.07867e-02
3.10929e-02
2.97903e-02
2.99260e-02
3.05012e-02
3.02182e-02
3.04316e-02
3.07795e-02
2.98558e-02
2.98673e-02
2.99007e-02
3.01074e-02
2.96834e-02
2.98097e-02
3.04676e-02
2.96766e-02
2.96655e-02
2.97661e-02
2.96135e-02
2.98683e-02
2.93401e-02
2.99739e-02
2.99227e-02
2.93935e-02
2.97997e-02
2.99774e-02
2.89978e-02
2.94591e-02
2.90156e-02
2.90393e-02
2.93311e-02
2.89251e-02
2.90503e-02
2.99208e-02
2.90861e-02
2.87378e-02
2.89441e-02
2.87332e-02
2.78824e-02
2.84668e-02
2.85308e-02
2.85176e-02
2.78202e-02
2.76665e-02
2.75968e-02
2.76510e-02
2.72401e-02
2.73655e-02
2.71780e-02
2.71086e-02
2.69458e-02
2.68303e-02
2.76927e-02
2.72339e-02
2.68056e-02
2.63959e-02
2.60055e-02
2.58662e-02
2.57382e-02
2.66154e-02
2.68911e-02
2.59897e-02
2.55740e-02
2.53351e-02
2.57714e-02
2.49892e-02
2.53407e-02
2.57547e-02
2.50923e-02
2.45935e-02
2.45382e-02
2.44321e-02
2.49519e-02
2.44997e-02
2.42102e-02
2.43359e-02
2.43560e-02
2.36429e-02
2.40566e-02
2.39735e-02
2.32963e-02
2.32994e-02
2.32050e-02
2.30096e-02
2.27724e-02
2.25315e-02
2.30017e-02
2.30918e-02
2.28172e-02
2.30631e-02
2.23960e-02
2.21965e-02
2.20271e-02
2.19892e-02
2.19530e-02
2.19899e-02
2.23177e-02
2.17391e-02
2.17202e-02
2.12392e-02
2.15496e-02
2.22136e-02
2.15544e-02
2.16598e-02
2.13923e-02
2.11387e-02
2.16485e-02
2.14695e-02
2.11592e-02
2.10082e-02
2.11129e-02
2.09480e-02
2.09662e-02
2.11693e-02
2.10586e-02
2.11540e-02
2.11772e-02
2.08162e-02
2.09902e-02
2.09532e-02
2.09807e-02
2.08449e-02
2.09601e-02
2.10492e-02
2.10038e-02
2.10570e-02
2.12433e-02
2.11120e-02
2.09226e-02
2.08865e-02
2.10256e-02
2.12054e-02
2.12623e-02
2.09853e-02
2.12524e-02
2.13339e-02
2.14543e-02
2.10836e-02
2.12065e-02
2.12847e-02
2.17450e-02
2.21233e-02
2.17261e-02
2.17056e-02
2.18541e-02
2.16890e-02
2.22874e-02
2.15364e-02
2.16855e-02
2.21770e-02
2.18123e-02
2.22618e-02
2.24516e-02
2.26379e-02
2.21197e-02
2.22966e-02
2.24814e-02
2.31070e-02
2.37183e-02
2.42399e-02
2.31972e-02
2.27331e-02
2.32630e-02
2.33586e-02
2.31808e-02
2.36870e-02
2.36088e-02
2.34209e-02
2.35477e-02
2.36387e-02
2.37637e-02
2.34527e-02
2.43034e-02
2.45844e-02
2.48826e-02
2.43477e-02
2.44828e-02
2.47355e-02
2.44153e-02
2.47743e-02
2.51507e-02
2.55287e-02
2.53070e-02
2.54875e-02
2.62432e-02
2.59213e-02
2.64717e-02
2.66833e-02
2.53482e-02
2.61380e-02
2.57520e-02
2.57601e-02
2.65000e-02
2.62785e-02
2.59239e-02
2.57737e-02
2.65019e-02
2.62293e-02
2.60105e-02
2.65847e-02
2.68022e-02
2.63922e-02
2.69833e-02
2.66139e-02
2.66604e-02
2.68102e-02
2.64614e-02
2.69132e-02
2.69041e-02
2.64667e-02
2.64183e-02
2.74128e-02
2.77021e-02
2.74133e-02
2.76003e-02
2.66376e-02
2.69282e-02
2.63249e-02
2.64801e-02
2.63933e-02
2.66467e-02
2.69971e-02
2.71922e-02
2.61837e-02
2.61477e-02
2.65461e-02
2.60484e-02
2.56613e-02
2.63005e-02
2.63543e-02
2.59374e-02
2.56765e-02
2.58964e-02
2.54594e-02
2.61968e-02
2.60968e-02
2.57373e-02
2.55824e-02
2.62064e-02
2.57890e-02
2.63452e-02
2.63995e-02
2.58124e-02
2.49747e-02
2.49916e-02
2.49113e-02
2.44959e-02
2.45079e-02
2.46141e-02
2.44160e-02
2.45074e-02
2.41937e-02
2.43461e-02
2.42253e-02
2.41500e-02
2.36556e-02
2.36862e-02
2.38644e-02
2.43368e-02
2.34497e-02
2.37940e-02
2.33131e-02
2.28611e-02
2.29151e-02
2.31664e-02
2.31107e-02
2.30311e-02
2.29415e-02
2.24912e-02
2.24882e-02
2.26393e-02
2.19593e-02
2.16464e-02
2.16402e-02
2.16562e-02
2.20370e-02
2.20535e-02
2.16300e-02
2.12279e-02
2.10268e-02
2.13759e-02
2.11977e-02
2.12958e-02
2.16532e-02
2.07386e-02
2.02690e-02
2.02562e-02
2.02914e-02
2.02310e-02
2.03721e-02
2.01718e-02
2.01885e-02
1.98534e-02
1.98553e-02
2.01163e-02
2.03216e-02
2.00527e-02
1.99615e-02
1.96513e-02
1.98443e-02
1.99528e-02
1.94155e-02
1.92891e-02
1.94075e-02
1.93890e-02
1.92221e-02
1.89963e-02
1.91540e-02
1.90553e-02
1.90412e-02
1.90563e-02
1.87646e-02
1.89558e-02
1.89769e-02
1.91581e-02
1.87490e-02
1.88634e-02
1.88422e-02
1.86426e-02
1.87462e-02
1.88996e-02
1.87996e-02
1.86429e-02
1.88615e-02
1.92837e-02
1.87917e-02
1.88501e-02
1.92012e-02
1.90656e-02
1.89945e-02
1.87651e-02
1.88634e-02
1.88640e-02
1.89840e-02
1.91824e-02
1.91773e-02
1.88783e-02
1.90381e-02
1.91278e-02
1.94644e-02
1.92223e-02
1.99530e-02
1.93721e-02
1.96850e-02
1.95855e-02
1.97982e-02
1.96282e-02
1.94110e-02
1.96785e-02
1.96368e-02
1.96127e-02
1.95727e-02
1.99763e-02
2.01380e-02
2.04121e-02
2.04081e-02
2.06058e-02
2.00927e-02
2.02129e-02
2.01152e-02
2.05729e-02
2.07881e-02
2.09441e-02
2.07691e-02
2.07628e-02
2.13000e-02
2.15109e-02
2.18056e-02
2.17578e-02
2.19314e-02
2.17461e-02
2.20904e-02
2.21960e-02
2.22902e-02
2.18127e-02
2.21192e-02
2.30428e-02
2.29548e-02
2.33955e-02
2.38565e-02
2.29198e-02
2.34105e-02
2.31082e-02
2.30729e-02
2.40699e-02
2.37529e-02
2.41635e-02
2.33903e-02
2.35966e-02
2.37208e-02
2.43552e-02
2.48861e-02
2.46523e-02
2.44189e-02
2.42817e-02
2.42607e-02
2.44292e-02
2.46559e-02
2.48025e-02
2.48261e-02
2.47236e-02
2.52427e-02
2.52487e-02
2.50146e-02
2.51700e-02
2.45278e-02
2.48456e-02
2.51451e-02
2.50712e-02
2.53147e-02
2.47573e-02
2.49418e-02
2.48666e-02
2.53693e-02
2.54465e-02
2.51858e-02
2.51218e-02
2.45497e-02
2.48775e-02
2.48655e-02
2.51502e-02
2.53926e-02
2.46712e-02
2.47156e-02
2.46139e-02
2.48966e-02
2.45831e-02
2.51085e-02
2.52644e-02
2.42475e-02
2.48717e-02
2.46584e-02
2.46576e-02
2.46926e-02
2.42441e-02
2.49759e-02
2.43581e-02
2.39923e-02
2.37170e-02
2.41024e-02
2.37017e-02
2.34032e-02
2.36667e-02
2.41200e-02
2.40103e-02
2.37724e-02
2.38462e-02
2.30911e-02
2.29674e-02
2.29082e-02
2.27316e-02
2.28391e-02
2.27880e-02
2.28905e-02
2.24084e-02
2.25463e-02
2.23441e-02
2.20822e-02
2.21780e-02
2.21828e-02
2.22217e-02
2.17256e-02
2.18414e-02
2.15046e-02
2.14907e-02
2.12451e-02
2.09570e-02
2.12028e-02
2.06284e-02
2.09787e-02
2.14065e-02
2.04333e-02
2.01878e-02
2.01832e-02
2.04362e-02
2.11086e-02
2.00399e-02
1.93775e-02
1.94709e-02
1.97645e-02
1.99000e-02
1.96584e-02
2.02852e-02
1.98958e-02
1.92397e-02
1.90645e-02
1.90687e-02
1.88541e-02
1.88778e-02
1.89131e-02
1.92211e-02
1.91867e-02
1.86502e-02
1.83193e-02
1.84306e-02
1.85357e-02
1.84863e-02
1.83246e-02
1.82419e-02
1.89559e-02
1.86738e-02
1.79925e-02
1.78997e-02
1.82160e-02
1.78677e-02
1.81180e-02
1.79451e-02
1.78092e-02
1.77317e-02
1.73919e-02
1.75129e-02
1.75646e-02
1.78232e-02
1.77254e-02
1.79515e-02
1.76984e-02
1.75007e-02
1.78157e-02
1.76133e-02
1.75411e-02
1.77594e-02
1.73080e-02
1.74956e-02
1.74134e-02
1.82284e-02
1.75424e-02
1.74701e-02
1.77191e-02
1.75337e-02
1.75001e-02
1.74852e-02
1.75204e-02
1.76553e-02
1.78745e-02
1.79284e-02
1.70963e-02
1.76914e-02
1.75584e-02
1.78893e-02
1.76726e-02
1.75297e-02
1.77814e-02
1.79751e-02
1.81033e-02
1.84013e-02
1.82868e-02
1.81481e-02
1.84301e-02
1.82661e-02
1.88374e-02
1.88354e-02
1.85732e-02
1.83731e-02
1.84045e-02
1.83259e-02
1.90336e-02
1.91914e-02
1.94214e-02
1.90403e-02
1.90535e-02
1.93426e-02
1.97242e-02
1.96456e-02
2.01267e-02
2.04957e-02
2.01154e-02
2.04727e-02
2.04962e-02
2.05245e-02
2.08733e-02
2.05936e-02
2.05941e-02
2.09461e-02
2.10361e-02
2.17180e-02
2.08714e-02
2.10904e-02
2.12062e-02
2.11033e-02
2.19566e-02
2.21869e-02
2.18935e-02
2.14059e-02
2.15351e-02
2.22175e-02
2.21189e-02
2.22955e-02
2.24572e-02
2.27927e-02
2.24694e-02
2.29792e-02
2.27837e-02
2.25345e-02
2.29947e-02
2.26964e-02
2.37966e-02
2.44149e-02
2.28504e-02
2.29160e-02
2.30893e-02
2.36072e-02
2.32925e-02
2.32722e-02
2.30414e-02
2.34178e-02
2.31958e-02
2.29622e-02
2.31119e-02
2.44039e-02
2.33241e-02
2.40786e-02
2.40542e-02
2.41450e-02
2.36923e-02
2.37601e-02
2.40201e-02
2.38964e-02
2.33642e-02
2.34446e-02
2.36718e-02
2.41008e-02
2.35294e-02
