2.30915e-01
1.38852e-01
1.09144e-01
8.76569e-02
7.56221e-02
6.93029e-02
6.46016e-02
6.16693e-02
5.94391e-02
5.68849e-02
5.53684e-02
5.42379e-02
5.29568e-02
5.25012e-02
5.12540e-02
5.03929e-02
4.97904e-02
4.91471e-02
4.83856e-02
4.80265e-02
4.70771e-02
4.65135e-02
4.60663e-02
4.50444e-02
4.49489e-02
4.41485e-02
4.44110e-02
4.34656e-02
4.27548e-02
4.25582e-02
4.16960e-02
4.08782e-02
4.04865e-02
4.03584e-02
3.99467e-02
3.93961e-02
3.87531e-02
3.84448e-02
3.80071e-02
3.75273e-02
3.75633e-02
3.67714e-02
3.65010e-02
3.59880e-02
3.59818e-02
3.54861e-02
3.50988e-02
3.47750e-02
3.47772e-02
3.40963e-02
3.37396e-02
3.35750e-02
3.32523e-02
3.30726e-02
3.23986e-02
3.24174e-02
3.21958e-02
3.16439e-02
3.16771e-02
3.15657e-02
3.15428e-02
3.11323e-02
3.08897e-02
3.06262e-02
3.04777e-02
3.01069e-02
3.02367e-02
2.97726e-02
2.96042e-02
2.93291e-02
2.92016e-02
2.92114e-02
2.92515e-02
2.89973e-02
2.86104e-02
2.87527e-02
2.85706e-02
2.84685e-02
2.84581e-02
2.81427e-02
2.83914e-02
2.81605e-02
2.79993e-02
2.78474e-02
2.77571e-02
2.77197e-02
2.76918e-02
2.74772e-02
2.75195e-02
2.74437e-02
2.74312e-02
2.74038e-02
2.73328e-02
2.72756e-02
2.73727e-02
2.72923e-02
2.73321e-02
2.74028e-02
2.72334e-02
2.72211e-02
2.71749e-02
2.71904e-02
2.71847e-02
2.71447e-02
2.74505e-02
2.71415e-02
2.74961e-02
2.72564e-02
2.73543e-02
2.73701e-02
2.73271e-02
2.73815e-02
2.74980e-02
2.74969e-02
2.75913e-02
2.74541e-02
2.76169e-02
2.74413e-02
2.75869e-02
2.76780e-02
2.74578e-02
2.76817e-02
2.77418e-02
2.79017e-02
2.78296e-02
2.79075e-02
2.79263e-02
2.77281e-02
2.77123e-02
2.80398e-02
2.78894e-02
2.81862e-02
2.80920e-02
2.82542e-02
2.81673e-02
2.84474e-02
2.81091e-02
2.79841e-02
2.82200e-02
2.80798e-02
2.82018e-02
2.79801e-02
2.81500e-02
2.84235e-02
2.80498e-02
2.84946e-02
2.83137e-02
2.83700e-02
2.83457e-02
2.83333e-02
2.87547e-02
2.84041e-02
2.81909e-02
2.85528e-02
2.85826e-02
2.82738e-02
2.85032e-02
2.85204e-02
2.83806e-02
2.83539e-02
2.84469e-02
2.84415e-02
2.86940e-02
2.83771e-02
2.89108e-02
2.83502e-02
2.86083e-02
2.80349e-02
2.79656e-02
2.79679e-02
2.82393e-02
2.81142e-02
2.78215e-02
2.81482e-02
2.80560e-02
2.80453e-02
2.81748e-02
2.80464e-02
2.80781e-02
2.79114e-02
2.80138e-02
2.78966e-02
2.76693e-02
2.74352e-02
2.79792e-02
2.74044e-02
2.71301e-02
2.77885e-02
2.76459e-02
2.71501e-02
2.78138e-02
2.72405e-02
2.72771e-02
2.73139e-02
2.65934e-02
2.65727e-02
2.67382e-02
2.65967e-02
2.65433e-02
2.64587e-02
2.63684e-02
2.62430e-02
2.60860e-02
2.64743e-02
2.56376e-02
2.62504e-02
2.60523e-02
2.57449e-02
2.57560e-02
2.56984e-02
2.53693e-02
2.54021e-02
2.55428e-02
2.51307e-02
2.51862e-02
2.48436e-02
2.47545e-02
2.48955e-02
2.45636e-02
2.45727e-02
2.49058e-02
2.42336e-02
2.40231e-02
2.44762e-02
2.38023e-02
2.38596e-02
2.37580e-02
2.34407e-02
2.31999e-02
2.33981e-02
2.29390e-02
2.27630e-02
2.26867e-02
2.25480e-02
2.26668e-02
2.26038e-02
2.24391e-02
2.20939e-02
2.21323e-02
2.18570e-02
2.17463e-02
2.14698e-02
2.12694e-02
2.13829e-02
2.11069e-02
2.11868e-02
2.06569e-02
2.05620e-02
2.06786e-02
2.05553e-02
1.99953e-02
2.03422e-02
1.99638e-02
1.96478e-02
2.00114e-02
1.98582e-02
1.97470e-02
1.93731e-02
1.91998e-02
1.92569e-02
1.88874e-02
1.90425e-02
1.89825e-02
1.86979e-02
1.86309e-02
1.85323e-02
1.83973e-02
1.82323e-02
1.83452e-02
1.79601e-02
1.79808e-02
1.80819e-02
1.77399e-02
1.76503e-02
1.75396e-02
1.77365e-02
1.74839e-02
1.75563e-02
1.74084e-02
1.78522e-02
1.73957e-02
1.72245e-02
1.70301e-02
1.71380e-02
1.69118e-02
1.67718e-02
1.70794e-02
1.69672e-02
1.68169e-02
1.68822e-02
1.69148e-02
1.67271e-02
1.66208e-02
1.67780e-02
1.65801e-02
1.64343e-02
1.65657e-02
1.66972e-02
1.68346e-02
1.65862e-02
1.67106e-02
1.68834e-02
1.68094e-02
1.67963e-02
1.66620e-02
1.65865e-02
1.66884e-02
1.67239e-02
1.67710e-02
1.66830e-02
1.67034e-02
1.67825e-02
1.68937e-02
1.67563e-02
1.71192e-02
1.69617e-02
1.70280e-02
1.68419e-02
1.70053e-02
1.72468e-02
1.70758e-02
1.73686e-02
1.72109e-02
1.76416e-02
1.74752e-02
1.74317e-02
1.75883e-02
1.76111e-02
1.77202e-02
1.75019e-02
1.77434e-02
1.78716e-02
1.80072e-02
1.81312e-02
1.81010e-02
1.80829e-02
1.86606e-02
1.86190e-02
1.84949e-02
1.85833e-02
1.84202e-02
1.85945e-02
1.83170e-02
1.89698e-02
1.85388e-02
1.86011e-02
1.87753e-02
1.94442e-02
1.92563e-02
1.95588e-02
1.91753e-02
1.93266e-02
1.98514e-02
1.96141e-02
1.92248e-02
2.00040e-02
2.03029e-02
2.00465e-02
1.98250e-02
1.98457e-02
1.99985e-02
2.01144e-02
2.00571e-02
2.04980e-02
2.01804e-02
2.00493e-02
2.04248e-02
2.03186e-02
2.00331e-02
2.04832e-02
2.11180e-02
2.11531e-02
2.07635e-02
2.08509e-02
2.08498e-02
2.13640e-02
2.08837e-02
2.07631e-02
2.07262e-02
2.06495e-02
2.11106e-02
2.08396e-02
2.07271e-02
2.08106e-02
2.11637e-02
2.12772e-02
2.10537e-02
2.11935e-02
2.12863e-02
2.08128e-02
2.10237e-02
2.07012e-02
2.11965e-02
2.12029e-02
2.08377e-02
2.09139e-02
2.09959e-02
2.09321e-02
2.10149e-02
2.12871e-02
2.09237e-02
2.06055e-02
2.07036e-02
2.05796e-02
2.08390e-02
2.04934e-02
2.07271e-02
2.06532e-02
2.04594e-02
2.10499e-02
2.03554e-02
1.98015e-02
2.04055e-02
2.05441e-02
2.06462e-02
1.98951e-02
1.96251e-02
1.95914e-02
1.93683e-02
1.96135e-02
1.92507e-02
1.92674e-02
1.95613e-02
1.92511e-02
1.94362e-02
1.91839e-02
1.90810e-02
1.91388e-02
1.87860e-02
1.85310e-02
1.86878e-02
1.85512e-02
1.83322e-02
1.83743e-02
1.81386e-02
1.84969e-02
1.78437e-02
1.79569e-02
1.74293e-02
1.74338e-02
1.75742e-02
1.72631e-02
1.77179e-02
1.72221e-02
1.72206e-02
1.70090e-02
1.66376e-02
1.68402e-02
1.66283e-02
1.66949e-02
1.65566e-02
1.63976e-02
1.64564e-02
1.61591e-02
1.59655e-02
1.58331e-02
1.60343e-02
1.60744e-02
1.56647e-02
1.54612e-02
1.54595e-02
1.53301e-02
1.52659e-02
1.51939e-02
1.50190e-02
1.50827e-02
1.49830e-02
1.48819e-02
1.48744e-02
1.47098e-02
1.45008e-02
1.44504e-02
1.42527e-02
1.42567e-02
1.40910e-02
1.42062e-02
1.41570e-02
1.43338e-02
1.39147e-02
1.40360e-02
1.42415e-02
1.39859e-02
1.38978e-02
1.37726e-02
1.37273e-02
1.36267e-02
1.37325e-02
1.36552e-02
1.35486e-02
1.34129e-02
1.37896e-02
1.36464e-02
1.35268e-02
1.34445e-02
1.33351e-02
1.33915e-02
1.34667e-02
1.34988e-02
1.33651e-02
1.35370e-02
1.35638e-02
1.33693e-02
1.33251e-02
1.34843e-02
1.32438e-02
1.33549e-02
1.35211e-02
1.34492e-02
1.35004e-02
1.34336e-02
1.34383e-02
1.35377e-02
1.36425e-02
1.38853e-02
1.36140e-02
1.37738e-02
1.36765e-02
1.36191e-02
1.37493e-02
1.37882e-02
1.37317e-02
1.40133e-02
1.40074e-02
1.40002e-02
1.39077e-02
1.40382e-02
1.41303e-02
1.44729e-02
1.46343e-02
1.42240e-02
1.43313e-02
1.46597e-02
1.48620e-02
1.48074e-02
1.48573e-02
1.46988e-02
1.50187e-02
1.52853e-02
1.53972e-02
1.51136e-02
1.53146e-02
1.54946e-02
1.53204e-02
1.56168e-02
1.56726e-02
1.58537e-02
1.59714e-02
1.58366e-02
1.61201e-02
1.59794e-02
1.60928e-02
1.61218e-02
1.65935e-02
1.65370e-02
1.67284e-02
1.65451e-02
1.64692e-02
1.67020e-02
1.70775e-02
1.69233e-02
1.71165e-02
1.72287e-02
1.73552e-02
1.74734e-02
1.73750e-02
1.73936e-02
1.78242e-02
1.76563e-02
1.78883e-02
1.78845e-02
1.80691e-02
1.77292e-02
1.79461e-02
1.79446e-02
1.87549e-02
1.92383e-02
1.83037e-02
1.82669e-02
1.83192e-02
1.83706e-02
1.84714e-02
1.82929e-02
1.82619e-02
1.83118e-02
1.87000e-02
1.91298e-02
1.86441e-02
1.85972e-02
1.83942e-02
1.91746e-02
1.85078e-02
1.86070e-02
1.84883e-02
1.90934e-02
1.89424e-02
1.91054e-02
1.85751e-02
1.85888e-02
1.86775e-02
1.83980e-02
1.83002e-02
1.86142e-02
1.82801e-02
1.89220e-02
1.82522e-02
1.81955e-02
1.83000e-02
1.82330e-02
1.81088e-02
1.85433e-02
1.83079e-02
1.80252e-02
1.82588e-02
1.82036e-02
1.78118e-02
1.77476e-02
1.80124e-02
1.74499e-02
1.80126e-02
1.79566e-02
1.75360e-02
1.73872e-02
1.76502e-02
1.72973e-02
1.73212e-02
1.69102e-02
1.70636e-02
1.69631e-02
1.69285e-02
1.66422e-02
1.68634e-02
1.67362e-02
1.67225e-02
1.69704e-02
1.66754e-02
1.59125e-02
1.59723e-02
1.63386e-02
1.60061e-02
1.59676e-02
1.55026e-02
1.54253e-02
1.55998e-02
1.56122e-02
1.55224e-02
1.51866e-02
1.52059e-02
1.48764e-02
1.46131e-02
1.46748e-02
1.45725e-02
1.43844e-02
1.41820e-02
1.44284e-02
1.42932e-02
1.43956e-02
1.39882e-02
1.44656e-02
1.40321e-02
1.40118e-02
1.37846e-02
1.34171e-02
1.36176e-02
1.35031e-02
1.35606e-02
1.31544e-02
1.30617e-02
1.31109e-02
1.30197e-02
1.30931e-02
1.31149e-02
1.29555e-02
1.29544e-02
1.27624e-02
1.27485e-02
1.27447e-02
1.26424e-02
1.24836e-02
1.25259e-02
1.24586e-02
1.24342e-02
1.22999e-02
1.21184e-02
1.20893e-02
1.19652e-02
1.22575e-02
1.21920e-02
1.20019e-02
1.21089e-02
1.18919e-02
1.20180e-02
1.20597e-02
1.20119e-02
1.18627e-02
1.19587e-02
1.17823e-02
1.17732e-02
1.18809e-02
1.18649e-02
1.17614e-02
1.18044e-02
1.18949e-02
1.18963e-02
1.19230e-02
1.19387e-02
1.17725e-02
1.17931e-02
1.18470e-02
1.18731e-02
1.19916e-02
1.20511e-02
1.19993e-02
1.20697e-02
1.22117e-02
1.21536e-02
1.21415e-02
1.21447e-02
1.19515e-02
1.21879e-02
1.23322e-02
1.22286e-02
1.21695e-02
1.26446e-02
1.27276e-02
1.25835e-02
1.27489e-02
1.27414e-02
1.26283e-02
1.32390e-02
1.27828e-02
1.32395e-02
1.29059e-02
1.32474e-02
1.33043e-02
1.36665e-02
1.36544e-02
1.33684e-02
1.35776e-02
1.36944e-02
1.37176e-02
1.37608e-02
1.35256e-02
1.36820e-02
1.39080e-02
1.37367e-02
1.44221e-02
1.43976e-02
1.47518e-02
1.45514e-02
1.47603e-02
1.51573e-02
1.50453e-02
1.47840e-02
1.49702e-02
1.47933e-02
1.50088e-02
1.49635e-02
1.51823e-02
1.51196e-02
1.59503e-02
1.55303e-02
1.54688e-02
1.58232e-02
1.56629e-02
1.56646e-02
1.56678e-02
1.57559e-02
1.59653e-02
1.65040e-02
1.62411e-02
1.62757e-02
1.63732e-02
1.63473e-02
1.64042e-02
1.64991e-02
1.65714e-02
1.67113e-02
1.68390e-02
1.66680e-02
1.70261e-02
1.67808e-02
1.75698e-02
1.67633e-02
1.73333e-02
1.68622e-02
1.72558e-02
1.74593e-02
1.70709e-02
1.72543e-02
1.71094e-02
1.79239e-02
1.75740e-02
1.71564e-02
1.75533e-02
1.72646e-02
1.73885e-02
1.76145e-02
1.73236e-02
1.71967e-02
1.68621e-02
1.72500e-02
1.73051e-02
1.68912e-02
1.70374e-02
1.73709e-02
1.70251e-02
1.69586e-02
1.69319e-02
1.68860e-02
1.68622e-02
1.70911e-02
1.67751e-02
1.69950e-02
1.64855e-02
1.66857e-02
1.65498e-02
1.64135e-02
1.65427e-02
1.66575e-02
1.63775e-02
1.63940e-02
1.63527e-02
1.66231e-02
1.57224e-02
1.60228e-02
1.55865e-02
1.58309e-02
1.54146e-02
1.59334e-02
1.55888e-02
1.53851e-02
1.52773e-02
1.52356e-02
1.51193e-02
1.52054e-02
1.51292e-02
1.50032e-02
1.48647e-02
1.49541e-02
1.49899e-02
1.44562e-02
1.44119e-02
1.44792e-02
1.44129e-02
1.42071e-02
1.39378e-02
1.38453e-02
1.36935e-02
1.38570e-02
1.35401e-02
1.37177e-02
1.34798e-02
1.34978e-02
1.32596e-02
1.31433e-02
1.29614e-02
1.33070e-02
1.30064e-02
1.27058e-02
1.27485e-02
1.29289e-02
1.26998e-02
1.23141e-02
1.24608e-02
1.26127e-02
1.25479e-02
1.24105e-02
1.24692e-02
1.21797e-02
1.22625e-02
1.19795e-02
1.20484e-02
1.19628e-02
1.16318e-02
1.16235e-02
1.14099e-02
1.17977e-02
1.14814e-02
1.15076e-02
1.15045e-02
1.14031e-02
1.14030e-02
1.14499e-02
1.15416e-02
1.12793e-02
1.12594e-02
1.12938e-02
1.10701e-02
1.12995e-02
1.09507e-02
1.10420e-02
1.10117e-02
1.09420e-02
1.09968e-02
1.08623e-02
1.08110e-02
1.10024e-02
1.09086e-02
1.09057e-02
1.08683e-02
1.09791e-02
1.08583e-02
1.10695e-02
1.06656e-02
1.08396e-02
1.09679e-02
1.08095e-02
1.09813e-02
1.12008e-02
1.10975e-02
1.08398e-02
1.10962e-02
1.10719e-02
1.10902e-02
1.13642e-02
1.11604e-02
1.14224e-02
1.13918e-02
1.16150e-02
1.12287e-02
1.13768e-02
1.15196e-02
1.15305e-02
1.16176e-02
1.15565e-02
1.17434e-02
1.18205e-02
1.17137e-02
1.21683e-02
1.19674e-02
1.18708e-02
1.21904e-02
1.21699e-02
1.21214e-02
1.22010e-02
1.23056e-02
1.28209e-02
1.25454e-02
1.28055e-02
1.29077e-02
1.28514e-02
1.29662e-02
1.31212e-02
1.32154e-02
1.29898e-02
1.32948e-02
1.40412e-02
1.33329e-02
1.34811e-02
1.34378e-02
1.38048e-02
1.38939e-02
1.41114e-02
1.39586e-02
1.41689e-02
1.41644e-02
1.42909e-02
1.44287e-02
1.43050e-02
1.49894e-02
1.46064e-02
1.46103e-02
1.45015e-02
1.46155e-02
1.46564e-02
1.50043e-02
1.49985e-02
1.52545e-02
1.52794e-02
1.51642e-02
1.52293e-02
1.53071e-02
1.55899e-02
1.55668e-02
1.55217e-02
1.63078e-02
1.60774e-02
1.55112e-02
1.55404e-02
1.58093e-02
1.58873e-02
1.60917e-02
1.65236e-02
1.64548e-02
1.68751e-02
1.64183e-02
1.65045e-02
1.59595e-02
1.67971e-02
1.60173e-02
1.65056e-02
1.61358e-02
1.61296e-02
1.70184e-02
1.69141e-02
1.64358e-02
1.59905e-02
1.59231e-02
1.66267e-02
1.73051e-02
