2.87156e-01
1.98334e-01
1.45285e-01
1.16133e-01
9.60151e-02
8.29054e-02
7.55840e-02
7.13781e-02
6.91187e-02
6.78495e-02
6.69327e-02
6.63812e-02
6.57431e-02
6.52523e-02
6.46443e-02
6.41414e-02
6.35918e-02
6.29023e-02
6.22687e-02
6.16242e-02
6.09014e-02
6.02270e-02
5.94690e-02
5.87884e-02
5.79843e-02
5.72342e-02
5.66919e-02
5.58018e-02
5.53501e-02
5.46334e-02
5.37847e-02
5.31893e-02
5.25989e-02
5.19603e-02
5.13434e-02
5.05790e-02
5.00870e-02
4.95116e-02
4.89795e-02
4.86376e-02
4.79578e-02
4.74100e-02
4.69706e-02
4.64714e-02
4.60188e-02
4.56939e-02
4.54052e-02
4.49045e-02
4.44727e-02
4.41574e-02
4.37433e-02
4.34679e-02
4.29455e-02
4.27300e-02
4.23739e-02
4.22337e-02
4.19318e-02
4.16144e-02
4.13855e-02
4.09815e-02
4.05237e-02
4.06171e-02
4.01880e-02
3.99511e-02
3.96400e-02
3.95860e-02
3.94294e-02
3.92724e-02
3.88901e-02
3.87721e-02
3.86664e-02
3.88606e-02
3.89209e-02
3.83190e-02
3.80493e-02
3.79631e-02
3.79366e-02
3.77586e-02
3.76386e-02
3.78450e-02
3.73267e-02
3.74798e-02
3.70450e-02
3.72430e-02
3.70047e-02
3.72421e-02
3.73913e-02
3.69296e-02
3.68466e-02
3.69312e-02
3.69573e-02
3.70176e-02
3.66817e-02
3.64695e-02
3.69962e-02
3.67430e-02
3.68483e-02
3.67057e-02
3.66489e-02
3.66493e-02
3.66286e-02
3.69803e-02
3.69476e-02
3.66823e-02
3.67349e-02
3.67422e-02
3.63954e-02
3.66135e-02
3.66213e-02
3.68185e-02
3.67598e-02
3.67101e-02
3.69421e-02
3.68538e-02
3.69265e-02
3.67212e-02
3.68867e-02
3.68700e-02
3.70931e-02
3.69102e-02
3.67412e-02
3.69534e-02
3.69945e-02
3.69394e-02
3.67829e-02
3.67044e-02
3.71789e-02
3.71281e-02
3.67707e-02
3.68884e-02
3.68630e-02
3.70905e-02
3.68170e-02
3.67294e-02
3.68456e-02
3.69516e-02
3.73027e-02
3.67717e-02
3.66838e-02
3.66708e-02
3.67722e-02
3.72459e-02
3.68547e-02
3.67394e-02
3.65536e-02
3.69461e-02
3.69884e-02
3.65634e-02
3.66265e-02
3.67216e-02
3.64079e-02
3.63282e-02
3.66391e-02
3.66036e-02
3.67161e-02
3.63475e-02
3.68928e-02
3.63876e-02
3.66773e-02
3.69077e-02
3.71692e-02
3.63500e-02
3.62637e-02
3.64683e-02
3.69082e-02
3.68424e-02
3.66456e-02
3.66403e-02
3.61436e-02
3.56201e-02
3.59529e-02
3.59989e-02
3.66483e-02
3.60510e-02
3.54095e-02
3.63716e-02
3.58604e-02
3.56761e-02
3.57232e-02
3.55114e-02
3.56579e-02
3.59694e-02
3.57348e-02
3.50639e-02
3.51162e-02
3.49807e-02
3.49077e-02
3.50535e-02
3.48947e-02
3.46945e-02
3.49319e-02
3.46757e-02
3.43051e-02
3.46036e-02
3.46364e-02
3.42126e-02
3.41903e-02
3.35409e-02
3.44391e-02
3.41906e-02
3.34933e-02
3.36817e-02
3.36759e-02
3.35815e-02
3.35111e-02
3.31169e-02
3.27809e-02
3.34398e-02
3.28991e-02
3.30833e-02
3.26218e-02
3.30070e-02
3.34685e-02
3.29019e-02
3.20456e-02
3.20855e-02
3.23747e-02
3.22604e-02
3.20798e-02
3.13556e-02
3.15007e-02
3.12791e-02
3.11460e-02
3.08288e-02
3.01897e-02
3.06281e-02
3.13406e-02
3.06727e-02
3.01325e-02
2.98561e-02
3.01620e-02
2.98273e-02
2.93465e-02
2.96577e-02
2.92295e-02
2.88187e-02
2.90031e-02
2.90628e-02
2.88638e-02
2.86265e-02
2.90394e-02
2.87077e-02
2.83438e-02
2.79324e-02
2.77365e-02
2.83969e-02
2.86977e-02
2.77537e-02
2.77159e-02
2.73187e-02
2.79078e-02
2.74235e-02
2.71886e-02
2.68835e-02
2.64862e-02
2.64878e-02
2.71078e-02
2.62528e-02
2.62552e-02
2.55147e-02
2.63063e-02
2.60367e-02
2.59626e-02
2.52721e-02
2.55186e-02
2.52503e-02
2.53727e-02
2.51128e-02
2.54082e-02
2.64905e-02
2.53293e-02
2.63569e-02
2.58024e-02
2.47795e-02
2.47838e-02
2.47725e-02
2.50268e-02
2.45120e-02
2.44557e-02
2.44548e-02
2.47986e-02
2.47090e-02
2.43187e-02
2.42644e-02
2.47208e-02
2.41568e-02
2.39595e-02
2.39674e-02
2.44289e-02
2.39137e-02
2.44138e-02
2.37014e-02
2.37008e-02
2.41979e-02
2.37963e-02
2.39120e-02
2.39794e-02
2.40440e-02
2.37931e-02
2.45278e-02
2.37784e-02
2.42719e-02
2.39923e-02
2.39040e-02
2.41447e-02
2.37266e-02
2.39181e-02
2.38896e-02
2.37586e-02
2.40378e-02
2.39824e-02
2.39613e-02
2.40058e-02
2.37141e-02
2.41635e-02
2.40492e-02
2.41271e-02
2.41261e-02
2.43626e-02
2.41525e-02
2.44676e-02
2.40077e-02
2.39305e-02
2.42083e-02
2.41218e-02
2.42078e-02
2.46049e-02
2.47887e-02
2.46458e-02
2.44819e-02
2.45459e-02
2.49179e-02
2.46512e-02
2.50187e-02
2.54378e-02
2.51734e-02
2.54451e-02
2.50809e-02
2.52568e-02
2.50084e-02
2.50536e-02
2.59306e-02
2.53552e-02
2.53134e-02
2.58105e-02
2.58733e-02
2.61862e-02
2.59961e-02
2.63211e-02
2.58823e-02
2.66939e-02
2.60598e-02
2.64468e-02
2.66390e-02
2.72671e-02
2.75255e-02
2.68981e-02
2.68503e-02
2.71447e-02
2.71818e-02
2.68616e-02
2.69566e-02
2.66225e-02
2.69080e-02
2.73638e-02
2.74665e-02
2.76646e-02
2.71150e-02
2.73055e-02
2.72325e-02
2.72712e-02
2.75348e-02
2.77153e-02
2.82196e-02
2.77195e-02
2.78127e-02
2.73257e-02
2.75845e-02
2.71048e-02
2.75728e-02
2.76359e-02
2.77345e-02
2.77651e-02
2.77236e-02
2.79806e-02
2.76810e-02
2.73416e-02
2.73463e-02
2.75480e-02
2.79122e-02
2.80737e-02
2.75093e-02
2.73866e-02
2.74100e-02
2.74631e-02
2.74767e-02
2.77951e-02
2.81137e-02
2.81516e-02
2.90151e-02
2.76412e-02
2.70324e-02
2.72830e-02
2.69319e-02
2.67489e-02
2.70764e-02
2.67065e-02
2.68634e-02
2.75535e-02
2.71031e-02
2.65839e-02
2.65482e-02
2.60892e-02
2.59662e-02
2.65560e-02
2.71839e-02
2.67473e-02
2.63997e-02
2.62423e-02
2.57380e-02
2.62382e-02
2.61200e-02
2.58839e-02
2.65325e-02
2.56245e-02
2.55845e-02
2.59334e-02
2.54960e-02
2.56831e-02
2.48972e-02
2.48743e-02
2.47684e-02
2.42601e-02
2.42146e-02
2.47778e-02
2.40909e-02
2.45721e-02
2.47067e-02
2.40495e-02
2.33986e-02
2.34630e-02
2.33643e-02
2.32083e-02
2.39400e-02
2.33915e-02
2.33425e-02
2.34102e-02
2.39355e-02
2.33671e-02
2.29728e-02
2.25705e-02
2.26921e-02
2.32272e-02
2.25327e-02
2.24326e-02
2.21598e-02
2.21564e-02
2.27220e-02
2.19071e-02
2.18744e-02
2.16794e-02
2.16009e-02
2.15441e-02
2.16553e-02
2.17825e-02
2.12371e-02
2.13472e-02
2.11432e-02
2.04512e-02
2.05905e-02
2.07512e-02
2.10832e-02
2.06118e-02
2.13081e-02
2.06196e-02
2.06576e-02
2.06156e-02
2.04523e-02
2.05139e-02
2.08888e-02
2.07583e-02
2.05514e-02
2.02377e-02
1.99664e-02
2.04934e-02
1.99653e-02
2.00241e-02
1.99724e-02
1.99324e-02
1.99165e-02
2.00337e-02
1.98816e-02
1.98939e-02
1.96716e-02
2.05577e-02
2.00883e-02
2.00024e-02
1.96457e-02
2.00868e-02
1.95982e-02
1.99256e-02
2.02185e-02
2.02313e-02
2.01532e-02
1.98754e-02
1.98392e-02
1.98169e-02
2.01488e-02
1.97295e-02
1.97763e-02
2.01127e-02
2.04379e-02
2.03524e-02
1.98465e-02
2.00096e-02
2.03099e-02
2.00795e-02
2.00262e-02
2.03021e-02
2.00909e-02
2.01004e-02
2.00365e-02
2.03879e-02
2.05701e-02
2.06048e-02
2.06441e-02
2.03619e-02
2.06829e-02
2.08042e-02
2.09381e-02
2.09812e-02
2.08498e-02
2.12311e-02
2.13070e-02
2.08862e-02
2.14349e-02
2.13180e-02
2.13062e-02
2.16600e-02
2.21556e-02
2.16225e-02
2.17584e-02
2.19887e-02
2.19666e-02
2.18334e-02
2.19826e-02
2.19693e-02
2.23552e-02
2.18409e-02
2.27409e-02
2.27008e-02
2.30375e-02
2.30176e-02
2.34524e-02
2.31192e-02
2.36163e-02
2.34829e-02
2.37670e-02
2.30663e-02
2.29713e-02
2.31928e-02
2.39683e-02
2.37062e-02
2.38914e-02
2.38086e-02
2.36036e-02
2.36354e-02
2.40415e-02
2.42711e-02
2.47355e-02
2.44243e-02
2.37831e-02
2.47330e-02
2.54719e-02
2.48886e-02
2.44427e-02
2.39670e-02
2.49130e-02
2.46858e-02
2.43577e-02
2.43553e-02
2.46806e-02
2.44060e-02
2.48664e-02
2.52678e-02
2.44738e-02
2.41065e-02
2.44108e-02
2.44961e-02
2.44960e-02
2.48350e-02
2.42242e-02
2.43250e-02
2.47084e-02
2.47431e-02
2.41982e-02
2.46425e-02
2.52899e-02
2.39783e-02
2.48239e-02
2.49590e-02
2.52476e-02
2.47155e-02
2.48121e-02
2.50051e-02
2.40501e-02
2.42350e-02
2.42280e-02
2.36848e-02
2.42499e-02
2.39052e-02
2.38343e-02
2.38787e-02
2.42973e-02
2.44817e-02
2.42432e-02
2.36361e-02
2.37074e-02
2.36602e-02
2.32033e-02
2.35864e-02
2.39088e-02
2.38627e-02
2.32615e-02
2.25503e-02
2.25750e-02
2.26470e-02
2.24798e-02
2.24385e-02
2.23230e-02
2.20858e-02
2.26788e-02
2.24952e-02
2.30215e-02
2.23384e-02
2.18089e-02
2.17970e-02
2.19703e-02
2.23074e-02
2.19684e-02
2.21823e-02
2.23819e-02
2.18809e-02
2.16015e-02
2.15714e-02
2.10308e-02
2.06524e-02
2.05919e-02
2.07823e-02
2.10611e-02
2.05364e-02
2.12305e-02
2.09920e-02
2.02911e-02
2.00371e-02
2.06256e-02
2.00434e-02
1.98773e-02
1.97714e-02
1.97667e-02
1.92657e-02
1.94292e-02
1.88198e-02
1.92808e-02
1.90197e-02
1.89953e-02
1.90591e-02
1.89158e-02
1.86168e-02
1.91530e-02
1.87864e-02
1.88934e-02
1.92886e-02
1.93019e-02
1.91735e-02
1.85045e-02
1.83897e-02
1.81457e-02
1.81248e-02
1.87783e-02
1.89137e-02
1.87569e-02
1.81643e-02
1.81633e-02
1.78278e-02
1.84533e-02
1.83197e-02
1.81751e-02
1.79112e-02
1.78412e-02
1.74209e-02
1.78271e-02
1.78986e-02
1.87080e-02
1.82383e-02
1.73190e-02
1.76127e-02
1.80650e-02
1.77410e-02
1.78502e-02
1.79991e-02
1.79829e-02
1.82075e-02
1.79296e-02
1.79515e-02
1.77610e-02
1.78021e-02
1.81773e-02
1.75514e-02
1.79642e-02
1.74883e-02
1.82571e-02
1.78034e-02
1.78927e-02
1.80340e-02
1.78320e-02
1.78037e-02
1.81673e-02
1.82004e-02
1.79157e-02
1.82897e-02
1.82261e-02
1.79982e-02
1.85170e-02
1.83858e-02
1.86700e-02
1.85903e-02
1.90508e-02
1.82490e-02
1.86686e-02
1.90059e-02
1.86692e-02
1.90084e-02
1.91488e-02
1.93694e-02
1.89350e-02
1.85343e-02
1.85319e-02
1.93629e-02
1.93706e-02
1.93092e-02
1.95990e-02
1.92176e-02
1.96224e-02
1.96887e-02
2.01885e-02
2.03660e-02
2.02973e-02
2.01297e-02
2.09553e-02
2.10591e-02
2.07760e-02
2.10191e-02
2.10781e-02
2.08559e-02
2.07849e-02
2.14095e-02
2.11109e-02
2.05258e-02
2.11358e-02
2.17636e-02
2.16065e-02
2.13873e-02
2.12184e-02
2.15007e-02
2.21480e-02
2.29812e-02
2.30103e-02
2.25004e-02
2.20608e-02
2.29705e-02
2.30537e-02
2.28350e-02
2.26294e-02
2.26544e-02
2.31781e-02
2.33176e-02
2.21433e-02
2.22903e-02
2.21642e-02
2.29559e-02
2.27041e-02
2.28915e-02
2.36153e-02
2.28967e-02
2.29162e-02
2.26734e-02
2.25975e-02
2.25616e-02
2.22635e-02
2.25464e-02
2.28669e-02
2.30048e-02
2.33086e-02
2.32308e-02
2.30281e-02
2.30049e-02
2.30110e-02
2.37704e-02
2.50270e-02
2.37107e-02
2.29160e-02
2.33470e-02
2.38502e-02
2.35756e-02
2.38463e-02
2.34600e-02
2.28277e-02
2.24937e-02
2.23228e-02
2.24716e-02
2.36505e-02
2.27052e-02
2.24125e-02
2.21491e-02
2.24685e-02
2.26503e-02
2.23377e-02
2.20422e-02
2.17054e-02
2.20314e-02
2.17786e-02
2.14785e-02
2.19900e-02
2.19299e-02
2.14317e-02
2.11297e-02
2.14592e-02
2.08337e-02
2.07122e-02
2.08976e-02
2.03988e-02
2.03896e-02
2.08479e-02
2.09688e-02
2.05941e-02
2.05366e-02
2.05308e-02
2.14938e-02
2.13753e-02
2.03478e-02
2.02399e-02
1.98285e-02
1.97551e-02
1.98513e-02
1.90929e-02
1.96996e-02
1.93517e-02
1.94969e-02
1.98239e-02
1.95990e-02
1.90842e-02
1.90136e-02
1.89483e-02
1.88258e-02
1.92546e-02
1.89658e-02
1.85837e-02
1.86153e-02
1.85326e-02
1.85333e-02
1.96565e-02
1.90295e-02
1.82218e-02
1.78344e-02
1.77132e-02
1.76126e-02
1.76461e-02
1.77717e-02
1.74917e-02
1.74088e-02
1.74812e-02
1.77396e-02
1.71751e-02
1.73477e-02
1.69323e-02
1.70258e-02
1.67851e-02
1.69937e-02
1.64855e-02
1.69675e-02
1.73681e-02
1.71385e-02
1.69949e-02
1.66870e-02
1.69511e-02
1.66587e-02
1.73055e-02
1.70046e-02
1.67808e-02
1.68680e-02
1.62183e-02
1.63278e-02
1.64949e-02
1.65115e-02
1.64926e-02
1.66609e-02
1.61312e-02
1.67565e-02
1.65876e-02
1.65629e-02
1.62291e-02
1.66148e-02
1.66618e-02
1.69550e-02
1.64978e-02
1.64734e-02
1.70988e-02
1.63639e-02
1.65164e-02
1.75347e-02
1.64842e-02
1.68455e-02
1.68432e-02
1.63924e-02
1.67303e-02
1.66882e-02
1.71707e-02
1.69371e-02
1.70241e-02
1.68262e-02
1.71757e-02
1.73950e-02
1.72721e-02
1.73831e-02
1.71172e-02
1.73291e-02
1.73806e-02
1.72422e-02
1.76130e-02
1.73853e-02
1.78500e-02
1.79496e-02
1.73586e-02
1.80116e-02
1.80452e-02
1.79083e-02
1.84343e-02
1.79868e-02
1.78529e-02
1.82124e-02
1.82756e-02
1.83114e-02
1.82036e-02
1.83272e-02
1.92219e-02
1.95031e-02
1.93191e-02
1.87570e-02
1.90843e-02
1.89959e-02
1.91796e-02
1.95293e-02
1.99314e-02
1.95950e-02
1.98660e-02
1.93700e-02
1.98131e-02
2.00372e-02
1.95901e-02
2.05365e-02
2.02565e-02
2.04547e-02
2.08824e-02
2.05147e-02
2.07595e-02
2.14765e-02
2.06773e-02
2.14631e-02
2.16490e-02
2.14810e-02
2.11685e-02
2.11230e-02
2.13979e-02
2.08024e-02
2.10861e-02
2.19074e-02
2.15362e-02
2.13448e-02
2.18242e-02
2.16803e-02
2.19270e-02
2.18752e-02
2.15761e-02
2.31824e-02
2.13834e-02
2.18509e-02
2.18486e-02
2.13840e-02
2.21226e-02
2.18163e-02
2.18772e-02
2.15379e-02
2.14531e-02
2.14095e-02
2.18604e-02
2.20149e-02
2.17615e-02
2.23916e-02
2.34316e-02
