2.88745e-01
1.98389e-01
1.41503e-01
1.10476e-01
9.03163e-02
7.91033e-02
7.33859e-02
7.00618e-02
6.82891e-02
6.72298e-02
6.64982e-02
6.58694e-02
6.53215e-02
6.48314e-02
6.43330e-02
6.38013e-02
6.32840e-02
6.27520e-02
6.21875e-02
6.16181e-02
6.10741e-02
6.04333e-02
5.97364e-02
5.91351e-02
5.85135e-02
5.77812e-02
5.71130e-02
5.64857e-02
5.58249e-02
5.52725e-02
5.44854e-02
5.38646e-02
5.32557e-02
5.25544e-02
5.21265e-02
5.13927e-02
5.07360e-02
5.00915e-02
4.95994e-02
4.91073e-02
4.85304e-02
4.80420e-02
4.75730e-02
4.72648e-02
4.67035e-02
4.61317e-02
4.58259e-02
4.52977e-02
4.47926e-02
4.44505e-02
4.42698e-02
4.38223e-02
4.32386e-02
4.30304e-02
4.27233e-02
4.22898e-02
4.23886e-02
4.16559e-02
4.14003e-02
4.11171e-02
4.08923e-02
4.05435e-02
4.02749e-02
4.00330e-02
4.00148e-02
3.98204e-02
3.96623e-02
3.92501e-02
3.89703e-02
3.91265e-02
3.87813e-02
3.85161e-02
3.83731e-02
3.80956e-02
3.81397e-02
3.79906e-02
3.78208e-02
3.78064e-02
3.74702e-02
3.74749e-02
3.74229e-02
3.73905e-02
3.73259e-02
3.71336e-02
3.70569e-02
3.72900e-02
3.68354e-02
3.71096e-02
3.69197e-02
3.67631e-02
3.68308e-02
3.68535e-02
3.67193e-02
3.68716e-02
3.66790e-02
3.67961e-02
3.67914e-02
3.67470e-02
3.66146e-02
3.66724e-02
3.68011e-02
3.66311e-02
3.66571e-02
3.67217e-02
3.67150e-02
3.67531e-02
3.67429e-02
3.66869e-02
3.66669e-02
3.67330e-02
3.70387e-02
3.67498e-02
3.66881e-02
3.67907e-02
3.67124e-02
3.66503e-02
3.69400e-02
3.68775e-02
3.68045e-02
3.67038e-02
3.68424e-02
3.68320e-02
3.68957e-02
3.68651e-02
3.73048e-02
3.71907e-02
3.65777e-02
3.70349e-02
3.66676e-02
3.66047e-02
3.68684e-02
3.69445e-02
3.67105e-02
3.67230e-02
3.66376e-02
3.67817e-02
3.67047e-02
3.67439e-02
3.65709e-02
3.68478e-02
3.67930e-02
3.66622e-02
3.65811e-02
3.67253e-02
3.67579e-02
3.69077e-02
3.69579e-02
3.67384e-02
3.65062e-02
3.66631e-02
3.68273e-02
3.66000e-02
3.65054e-02
3.66848e-02
3.64867e-02
3.63477e-02
3.60683e-02
3.62477e-02
3.61596e-02
3.60624e-02
3.63155e-02
3.66096e-02
3.63857e-02
3.57577e-02
3.58025e-02
3.60968e-02
3.62702e-02
3.61487e-02
3.54351e-02
3.56817e-02
3.56706e-02
3.58173e-02
3.52750e-02
3.55516e-02
3.52074e-02
3.52647e-02
3.51802e-02
3.53184e-02
3.55710e-02
3.50567e-02
3.52601e-02
3.49339e-02
3.51588e-02
3.51877e-02
3.50304e-02
3.49165e-02
3.48750e-02
3.44916e-02
3.47030e-02
3.47572e-02
3.47181e-02
3.44176e-02
3.36982e-02
3.38475e-02
3.42077e-02
3.40969e-02
3.37174e-02
3.41575e-02
3.37195e-02
3.35131e-02
3.31085e-02
3.32420e-02
3.26825e-02
3.29950e-02
3.26200e-02
3.26963e-02
3.29367e-02
3.24571e-02
3.22533e-02
3.20664e-02
3.16515e-02
3.21160e-02
3.25627e-02
3.16676e-02
3.17215e-02
3.13980e-02
3.12245e-02
3.10593e-02
3.09817e-02
3.10992e-02
3.12876e-02
3.07185e-02
3.08488e-02
3.03695e-02
3.05987e-02
3.03622e-02
2.99732e-02
2.98480e-02
2.99245e-02
3.01045e-02
2.99092e-02
2.97112e-02
2.89710e-02
2.97541e-02
2.94600e-02
2.88752e-02
2.84350e-02
2.81996e-02
2.85159e-02
2.86991e-02
2.84372e-02
2.81588e-02
2.74457e-02
2.74602e-02
2.80208e-02
2.76738e-02
2.71764e-02
2.75559e-02
2.74150e-02
2.67572e-02
2.64544e-02
2.64216e-02
2.62375e-02
2.62847e-02
2.59811e-02
2.62627e-02
2.58775e-02
2.58894e-02
2.57904e-02
2.58648e-02
2.56852e-02
2.54950e-02
2.50327e-02
2.51556e-02
2.47413e-02
2.52170e-02
2.46497e-02
2.49049e-02
2.48070e-02
2.49292e-02
2.45106e-02
2.50525e-02
2.49368e-02
2.44252e-02
2.42445e-02
2.40792e-02
2.41898e-02
2.43360e-02
2.39181e-02
2.37818e-02
2.43258e-02
2.36700e-02
2.40298e-02
2.36026e-02
2.36297e-02
2.35598e-02
2.34871e-02
2.36776e-02
2.33179e-02
2.37458e-02
2.36531e-02
2.35071e-02
2.36768e-02
2.33687e-02
2.34915e-02
2.34557e-02
2.33923e-02
2.32391e-02
2.33253e-02
2.35171e-02
2.34498e-02
2.32487e-02
2.33674e-02
2.31774e-02
2.36896e-02
2.34503e-02
2.33731e-02
2.31538e-02
2.36156e-02
2.33078e-02
2.33637e-02
2.33908e-02
2.36645e-02
2.35375e-02
2.35924e-02
2.35524e-02
2.32721e-02
2.37937e-02
2.41306e-02
2.37275e-02
2.36524e-02
2.35427e-02
2.36424e-02
2.38158e-02
2.35310e-02
2.40869e-02
2.38768e-02
2.40833e-02
2.38655e-02
2.43610e-02
2.45853e-02
2.45450e-02
2.45937e-02
2.43823e-02
2.46827e-02
2.43494e-02
2.49580e-02
2.48458e-02
2.48177e-02
2.47052e-02
2.50475e-02
2.53783e-02
2.49845e-02
2.49166e-02
2.50082e-02
2.56071e-02
2.54267e-02
2.57580e-02
2.61898e-02
2.56040e-02
2.56428e-02
2.62531e-02
2.65118e-02
2.62322e-02
2.60360e-02
2.66974e-02
2.66895e-02
2.63095e-02
2.63485e-02
2.61728e-02
2.66255e-02
2.64306e-02
2.63673e-02
2.61615e-02
2.63149e-02
2.65057e-02
2.65110e-02
2.66517e-02
2.68100e-02
2.65233e-02
2.70724e-02
2.70946e-02
2.77321e-02
2.72297e-02
2.72893e-02
2.71441e-02
2.72541e-02
2.68287e-02
2.73882e-02
2.76351e-02
2.71708e-02
2.69505e-02
2.73303e-02
2.74295e-02
2.71077e-02
2.68298e-02
2.72261e-02
2.74130e-02
2.73779e-02
2.70476e-02
2.73047e-02
2.66879e-02
2.65573e-02
2.66075e-02
2.68960e-02
2.71417e-02
2.73299e-02
2.71686e-02
2.69422e-02
2.69205e-02
2.74928e-02
2.73493e-02
2.66966e-02
2.69637e-02
2.72442e-02
2.69949e-02
2.63185e-02
2.65378e-02
2.67015e-02
2.70853e-02
2.67640e-02
2.63576e-02
2.64649e-02
2.63674e-02
2.62012e-02
2.56780e-02
2.58659e-02
2.58593e-02
2.53829e-02
2.52521e-02
2.54643e-02
2.55639e-02
2.57213e-02
2.54554e-02
2.49605e-02
2.47069e-02
2.48465e-02
2.44826e-02
2.45407e-02
2.48757e-02
2.49183e-02
2.48840e-02
2.46210e-02
2.39108e-02
2.38747e-02
2.38621e-02
2.34963e-02
2.34026e-02
2.34459e-02
2.33908e-02
2.38670e-02
2.35213e-02
2.39606e-02
2.35867e-02
2.27994e-02
2.33021e-02
2.30758e-02
2.31050e-02
2.29712e-02
2.26443e-02
2.26587e-02
2.22675e-02
2.21318e-02
2.21978e-02
2.15641e-02
2.16829e-02
2.17527e-02
2.15186e-02
2.18504e-02
2.14581e-02
2.14275e-02
2.14378e-02
2.09330e-02
2.07399e-02
2.09702e-02
2.09438e-02
2.09688e-02
2.09440e-02
2.04212e-02
2.04711e-02
2.01645e-02
2.02537e-02
2.02026e-02
2.00587e-02
2.03833e-02
1.99920e-02
2.04087e-02
1.98930e-02
1.96765e-02
1.95487e-02
1.97905e-02
1.96197e-02
1.97711e-02
1.96803e-02
1.95991e-02
1.96081e-02
1.95755e-02
1.94727e-02
1.96888e-02
1.93080e-02
1.96465e-02
1.92960e-02
1.94092e-02
1.96145e-02
1.96459e-02
1.92658e-02
1.92940e-02
1.93443e-02
1.94500e-02
1.97717e-02
1.99169e-02
1.93800e-02
1.96112e-02
1.94536e-02
1.95166e-02
2.01648e-02
1.94782e-02
1.95468e-02
1.94113e-02
1.94956e-02
1.94118e-02
1.96816e-02
1.93777e-02
1.98448e-02
1.99957e-02
1.94395e-02
1.98004e-02
1.94316e-02
1.97300e-02
1.94682e-02
1.96687e-02
1.96018e-02
1.99504e-02
1.99856e-02
1.99375e-02
2.01559e-02
2.00342e-02
1.99113e-02
2.02569e-02
2.03166e-02
2.06089e-02
2.09988e-02
2.07200e-02
2.08311e-02
2.06011e-02
2.06509e-02
2.10679e-02
2.06671e-02
2.14032e-02
2.11286e-02
2.14647e-02
2.20434e-02
2.19496e-02
2.17365e-02
2.19430e-02
2.21416e-02
2.24337e-02
2.22193e-02
2.21380e-02
2.25074e-02
2.18433e-02
2.20386e-02
2.19060e-02
2.23683e-02
2.20857e-02
2.27218e-02
2.33501e-02
2.31644e-02
2.29101e-02
2.26873e-02
2.25339e-02
2.25373e-02
2.30570e-02
2.33420e-02
2.30287e-02
2.30972e-02
2.32422e-02
2.36869e-02
2.34531e-02
2.38215e-02
2.41030e-02
2.38908e-02
2.38892e-02
2.40471e-02
2.43466e-02
2.39984e-02
2.39814e-02
2.42632e-02
2.45487e-02
2.42522e-02
2.38753e-02
2.42263e-02
2.39705e-02
2.39707e-02
2.39407e-02
2.44696e-02
2.44137e-02
2.45492e-02
2.42509e-02
2.41279e-02
2.45050e-02
2.45517e-02
2.45186e-02
2.45764e-02
2.52310e-02
2.44548e-02
2.40001e-02
2.37969e-02
2.42256e-02
2.41344e-02
2.38152e-02
2.39049e-02
2.40311e-02
2.43270e-02
2.43723e-02
2.44775e-02
2.37644e-02
2.34565e-02
2.34619e-02
2.39854e-02
2.37181e-02
2.38340e-02
2.36941e-02
2.37106e-02
2.36392e-02
2.36915e-02
2.32902e-02
2.33566e-02
2.30158e-02
2.28560e-02
2.28926e-02
2.30806e-02
2.30506e-02
2.25962e-02
2.23292e-02
2.28997e-02
2.26786e-02
2.20547e-02
2.20192e-02
2.20826e-02
2.20830e-02
2.23111e-02
2.22591e-02
2.17127e-02
2.16733e-02
2.18112e-02
2.12909e-02
2.20323e-02
2.14442e-02
2.10420e-02
2.13092e-02
2.18111e-02
2.12753e-02
2.08111e-02
2.07923e-02
2.10165e-02
2.07694e-02
2.05777e-02
2.06064e-02
2.02291e-02
2.01279e-02
2.00627e-02
1.98619e-02
1.98859e-02
1.93388e-02
1.93235e-02
1.93551e-02
1.92977e-02
1.92327e-02
1.91367e-02
2.06339e-02
2.00970e-02
1.94974e-02
1.94258e-02
1.86272e-02
1.86192e-02
1.85675e-02
1.85756e-02
1.83308e-02
1.84535e-02
1.84197e-02
1.84037e-02
1.82632e-02
1.83369e-02
1.79879e-02
1.80520e-02
1.78375e-02
1.78677e-02
1.79581e-02
1.76389e-02
1.76991e-02
1.75757e-02
1.73920e-02
1.75734e-02
1.76868e-02
1.76843e-02
1.80523e-02
1.80150e-02
1.78528e-02
1.73743e-02
1.75381e-02
1.73745e-02
1.71913e-02
1.75016e-02
1.74162e-02
1.70898e-02
1.75087e-02
1.73119e-02
1.75014e-02
1.76060e-02
1.70787e-02
1.75004e-02
1.75654e-02
1.74795e-02
1.73739e-02
1.73571e-02
1.72568e-02
1.75178e-02
1.73983e-02
1.71951e-02
1.76870e-02
1.81175e-02
1.73012e-02
1.87414e-02
1.75132e-02
1.73654e-02
1.74216e-02
1.78212e-02
1.76164e-02
1.77703e-02
1.75379e-02
1.77885e-02
1.77884e-02
1.80293e-02
1.78197e-02
1.78217e-02
1.79312e-02
1.78520e-02
1.83687e-02
1.82383e-02
1.89333e-02
1.82234e-02
1.83776e-02
1.84398e-02
1.85946e-02
1.87026e-02
1.86971e-02
1.86613e-02
1.88616e-02
1.89245e-02
1.90465e-02
1.91795e-02
1.95989e-02
1.95534e-02
1.96387e-02
1.94135e-02
2.02526e-02
1.97149e-02
1.96129e-02
1.98707e-02
1.99706e-02
2.00241e-02
2.04177e-02
2.03599e-02
2.04114e-02
2.06292e-02
2.11419e-02
2.09288e-02
2.10140e-02
2.07091e-02
2.11075e-02
2.11083e-02
2.11136e-02
2.10046e-02
2.10525e-02
2.16613e-02
2.16114e-02
2.16779e-02
2.15283e-02
2.18074e-02
2.15955e-02
2.23214e-02
2.23526e-02
2.23640e-02
2.23569e-02
2.20994e-02
2.25973e-02
2.23446e-02
2.24462e-02
2.31177e-02
2.26649e-02
2.28178e-02
2.24418e-02
2.24658e-02
2.26970e-02
2.27512e-02
2.26197e-02
2.33260e-02
2.35156e-02
2.27654e-02
2.22767e-02
2.29712e-02
2.30890e-02
2.28788e-02
2.29633e-02
2.24869e-02
2.22313e-02
2.25785e-02
2.24857e-02
2.28353e-02
2.31448e-02
2.22868e-02
2.19662e-02
2.20504e-02
2.21077e-02
2.21568e-02
2.22376e-02
2.26820e-02
2.35847e-02
2.28515e-02
2.21537e-02
2.23896e-02
2.25319e-02
2.26558e-02
2.20011e-02
2.16492e-02
2.18594e-02
2.15398e-02
2.16312e-02
2.16976e-02
2.15617e-02
2.12938e-02
2.13935e-02
2.15080e-02
2.07510e-02
2.07577e-02
2.08792e-02
2.07219e-02
2.13590e-02
2.07607e-02
2.03153e-02
2.04004e-02
2.03732e-02
2.05915e-02
2.04246e-02
2.05846e-02
2.07127e-02
1.99202e-02
1.99797e-02
2.00310e-02
1.92857e-02
1.95857e-02
1.93686e-02
1.93219e-02
1.95679e-02
1.94014e-02
1.88051e-02
1.92827e-02
1.89658e-02
1.90886e-02
1.86714e-02
1.87126e-02
1.84085e-02
1.89564e-02
1.85964e-02
1.81519e-02
1.79703e-02
1.80998e-02
1.80835e-02
1.79381e-02
1.76554e-02
1.78159e-02
1.74955e-02
1.76050e-02
1.75832e-02
1.72285e-02
1.72477e-02
1.74586e-02
1.71007e-02
1.70327e-02
1.71164e-02
1.72066e-02
1.75603e-02
1.71958e-02
1.66711e-02
1.69575e-02
1.65927e-02
1.67776e-02
1.66468e-02
1.64306e-02
1.66675e-02
1.64959e-02
1.63699e-02
1.64722e-02
1.68448e-02
1.63650e-02
1.64222e-02
1.58436e-02
1.63654e-02
1.62191e-02
1.61572e-02
1.63866e-02
1.62392e-02
1.64187e-02
1.60153e-02
1.59152e-02
1.59542e-02
1.66203e-02
1.62738e-02
1.63029e-02
1.63238e-02
1.61369e-02
1.64880e-02
1.63580e-02
1.60826e-02
1.59347e-02
1.61324e-02
1.59766e-02
1.64146e-02
1.64321e-02
1.63343e-02
1.60650e-02
1.67001e-02
1.63902e-02
1.60598e-02
1.62735e-02
1.62248e-02
1.68532e-02
1.62238e-02
1.65816e-02
1.62139e-02
1.63193e-02
1.65511e-02
1.66109e-02
1.66680e-02
1.71590e-02
1.67915e-02
1.68173e-02
1.68923e-02
1.69273e-02
1.72021e-02
1.71183e-02
1.71410e-02
1.68755e-02
1.73320e-02
1.74612e-02
1.77304e-02
1.75395e-02
1.79661e-02
1.79332e-02
1.79530e-02
1.85139e-02
1.79489e-02
1.82997e-02
1.84084e-02
1.85701e-02
1.83910e-02
1.86298e-02
1.89494e-02
1.87119e-02
1.92455e-02
1.92601e-02
1.89549e-02
1.87427e-02
1.91652e-02
1.90942e-02
1.94533e-02
1.96556e-02
2.01414e-02
1.97493e-02
2.00415e-02
1.95840e-02
1.96508e-02
2.06204e-02
2.03251e-02
2.03740e-02
2.05826e-02
2.05080e-02
2.11667e-02
2.07649e-02
2.09628e-02
2.06309e-02
2.05386e-02
2.10837e-02
2.07912e-02
2.08912e-02
2.10582e-02
2.14772e-02
2.15107e-02
2.14854e-02
2.11376e-02
2.12144e-02
2.17668e-02
2.18021e-02
2.11986e-02
2.12450e-02
2.08593e-02
2.14252e-02
2.24285e-02
2.20683e-02
2.15353e-02
2.16651e-02
2.12586e-02
2.12829e-02
2.11975e-02
2.12807e-02
2.17434e-02
2.14329e-02
2.13798e-02
2.13024e-02
