2.44449e-01
1.29248e-01
9.07420e-02
7.57154e-02
7.02969e-02
6.82311e-02
6.71264e-02
6.63792e-02
6.58346e-02
6.54094e-02
6.50629e-02
6.47727e-02
6.44968e-02
6.42313e-02
6.39520e-02
6.36680e-02
6.33496e-02
6.30260e-02
6.26519e-02
6.22609e-02
6.18672e-02
6.14304e-02
6.10082e-02
6.05339e-02
6.00615e-02
5.95948e-02
5.90872e-02
5.86587e-02
5.82217e-02
5.77211e-02
5.72928e-02
5.68235e-02
5.64425e-02
5.59752e-02
5.55304e-02
5.51422e-02
5.47475e-02
5.43757e-02
5.40014e-02
5.36614e-02
5.32749e-02
5.29891e-02
5.26492e-02
5.22181e-02
5.19927e-02
5.16242e-02
5.13788e-02
5.11042e-02
5.08298e-02
5.04956e-02
5.03054e-02
4.99612e-02
4.98303e-02
4.96267e-02
4.92547e-02
4.90943e-02
4.88309e-02
4.86470e-02
4.84482e-02
4.81924e-02
4.81041e-02
4.79275e-02
4.77232e-02
4.75062e-02
4.73435e-02
4.72242e-02
4.69376e-02
4.68857e-02
4.68327e-02
4.65461e-02
4.64570e-02
4.64310e-02
4.62142e-02
4.60817e-02
4.61124e-02
4.59240e-02
4.57729e-02
4.56670e-02
4.56482e-02
4.55496e-02
4.54865e-02
4.53133e-02
4.53985e-02
4.53086e-02
4.51364e-02
4.51193e-02
4.50341e-02
4.49842e-02
4.49672e-02
4.51036e-02
4.48133e-02
4.48479e-02
4.47551e-02
4.49313e-02
4.48444e-02
4.48207e-02
4.47704e-02
4.47673e-02
4.47131e-02
4.46866e-02
4.47049e-02
4.49000e-02
4.46333e-02
4.48178e-02
4.47308e-02
4.48072e-02
4.47414e-02
4.48843e-02
4.48616e-02
4.48347e-02
4.49294e-02
4.48848e-02
4.48967e-02
4.48368e-02
4.49293e-02
4.48653e-02
4.49595e-02
4.49502e-02
4.49774e-02
4.49490e-02
4.50387e-02
4.50356e-02
4.50663e-02
4.50627e-02
4.50416e-02
4.50773e-02
4.50120e-02
4.50495e-02
4.50431e-02
4.51175e-02
4.50446e-02
4.50878e-02
4.51108e-02
4.50787e-02
4.51445e-02
4.51501e-02
4.51569e-02
4.51891e-02
4.51463e-02
4.51628e-02
4.50713e-02
4.51550e-02
4.51703e-02
4.52072e-02
4.51296e-02
4.50729e-02
4.51571e-02
4.51542e-02
4.51724e-02
4.51430e-02
4.50357e-02
4.52305e-02
4.51741e-02
4.50272e-02
4.50057e-02
4.52346e-02
4.51013e-02
4.50833e-02
4.51357e-02
4.51120e-02
4.51123e-02
4.50827e-02
4.49993e-02
4.51620e-02
4.50991e-02
4.49820e-02
4.50681e-02
4.50286e-02
4.49029e-02
4.47919e-02
4.47634e-02
4.46694e-02
4.47885e-02
4.48512e-02
4.47588e-02
4.46794e-02
4.45852e-02
4.46675e-02
4.46071e-02
4.44539e-02
4.44589e-02
4.43572e-02
4.43324e-02
4.42097e-02
4.42022e-02
4.43550e-02
4.43202e-02
4.43978e-02
4.42652e-02
4.40762e-02
4.40556e-02
4.39347e-02
4.40735e-02
4.36655e-02
4.37910e-02
4.36686e-02
4.37762e-02
4.36370e-02
4.34426e-02
4.34145e-02
4.35608e-02
4.32109e-02
4.33358e-02
4.32565e-02
4.32608e-02
4.30523e-02
4.28399e-02
4.27024e-02
4.27281e-02
4.25215e-02
4.24769e-02
4.26365e-02
4.24165e-02
4.23634e-02
4.21210e-02
4.20129e-02
4.20530e-02
4.19811e-02
4.17739e-02
4.16372e-02
4.15906e-02
4.15611e-02
4.14004e-02
4.15989e-02
4.11399e-02
4.09971e-02
4.10965e-02
4.11211e-02
4.08391e-02
4.05313e-02
4.07036e-02
4.04441e-02
4.04627e-02
4.02824e-02
4.03210e-02
4.00295e-02
3.99853e-02
3.97190e-02
3.97034e-02
3.96125e-02
3.94973e-02
3.93739e-02
3.93803e-02
3.91396e-02
3.91369e-02
3.90327e-02
3.88227e-02
3.86337e-02
3.83261e-02
3.84272e-02
3.83217e-02
3.81523e-02
3.82185e-02
3.80996e-02
3.79626e-02
3.78298e-02
3.77435e-02
3.76266e-02
3.74500e-02
3.73248e-02
3.76333e-02
3.74950e-02
3.70933e-02
3.71024e-02
3.71361e-02
3.67691e-02
3.68278e-02
3.69007e-02
3.67011e-02
3.65518e-02
3.63179e-02
3.64624e-02
3.63910e-02
3.63004e-02
3.62550e-02
3.60373e-02
3.59613e-02
3.61572e-02
3.60018e-02
3.57468e-02
3.56285e-02
3.56993e-02
3.56268e-02
3.55723e-02
3.56752e-02
3.56280e-02
3.54529e-02
3.54554e-02
3.53981e-02
3.54842e-02
3.55552e-02
3.53945e-02
3.53131e-02
3.53452e-02
3.51421e-02
3.52816e-02
3.52515e-02
3.51543e-02
3.51596e-02
3.53526e-02
3.53219e-02
3.51751e-02
3.52519e-02
3.53558e-02
3.55806e-02
3.52067e-02
3.53939e-02
3.51783e-02
3.52739e-02
3.55335e-02
3.53565e-02
3.55415e-02
3.53686e-02
3.53963e-02
3.53220e-02
3.54218e-02
3.56062e-02
3.55125e-02
3.55312e-02
3.57964e-02
3.57240e-02
3.58891e-02
3.57874e-02
3.58072e-02
3.59945e-02
3.59403e-02
3.60255e-02
3.59435e-02
3.59684e-02
3.60722e-02
3.60243e-02
3.63232e-02
3.63791e-02
3.64552e-02
3.64106e-02
3.65776e-02
3.66862e-02
3.66894e-02
3.69457e-02
3.69675e-02
3.66985e-02
3.68646e-02
3.69343e-02
3.70356e-02
3.68887e-02
3.71583e-02
3.72789e-02
3.73137e-02
3.76611e-02
3.74897e-02
3.73322e-02
3.74826e-02
3.76006e-02
3.77089e-02
3.80299e-02
3.78726e-02
3.78657e-02
3.78468e-02
3.82368e-02
3.79920e-02
3.82053e-02
3.82674e-02
3.81400e-02
3.82214e-02
3.83995e-02
3.84085e-02
3.88268e-02
3.84820e-02
3.87300e-02
3.84126e-02
3.87992e-02
3.87272e-02
3.87202e-02
3.88921e-02
3.87874e-02
3.89866e-02
3.89224e-02
3.90242e-02
3.88295e-02
3.89514e-02
3.92473e-02
3.90942e-02
3.89956e-02
3.90527e-02
3.89858e-02
3.89908e-02
3.90438e-02
3.90100e-02
3.90369e-02
3.90836e-02
3.90199e-02
3.91764e-02
3.90212e-02
3.90454e-02
3.90649e-02
3.90841e-02
3.89269e-02
3.87370e-02
3.87638e-02
3.91942e-02
3.91087e-02
3.90864e-02
3.89024e-02
3.89091e-02
3.89712e-02
3.87089e-02
3.86480e-02
3.86493e-02
3.86940e-02
3.86597e-02
3.86360e-02
3.84286e-02
3.85559e-02
3.84390e-02
3.85498e-02
3.84590e-02
3.82514e-02
3.81314e-02
3.84209e-02
3.79653e-02
3.82143e-02
3.80178e-02
3.80432e-02
3.77327e-02
3.79427e-02
3.76803e-02
3.76929e-02
3.76257e-02
3.76718e-02
3.74624e-02
3.70829e-02
3.75007e-02
3.71132e-02
3.71475e-02
3.68507e-02
3.69473e-02
3.69108e-02
3.65429e-02
3.66138e-02
3.65803e-02
3.63116e-02
3.64986e-02
3.62512e-02
3.60544e-02
3.58511e-02
3.56610e-02
3.57102e-02
3.56277e-02
3.54544e-02
3.54976e-02
3.54955e-02
3.53650e-02
3.53814e-02
3.50716e-02
3.48475e-02
3.48891e-02
3.49414e-02
3.45318e-02
3.47391e-02
3.46744e-02
3.45899e-02
3.43011e-02
3.45566e-02
3.41754e-02
3.42549e-02
3.40552e-02
3.39930e-02
3.39369e-02
3.36334e-02
3.35873e-02
3.35719e-02
3.36579e-02
3.37799e-02
3.36905e-02
3.33623e-02
3.35020e-02
3.33052e-02
3.32637e-02
3.31525e-02
3.31721e-02
3.32093e-02
3.29101e-02
3.29684e-02
3.30728e-02
3.31152e-02
3.27304e-02
3.28903e-02
3.27670e-02
3.28920e-02
3.26834e-02
3.27624e-02
3.27324e-02
3.26276e-02
3.25552e-02
3.25991e-02
3.26417e-02
3.25969e-02
3.27206e-02
3.26582e-02
3.26628e-02
3.26848e-02
3.28122e-02
3.26588e-02
3.24993e-02
3.25632e-02
3.25141e-02
3.26451e-02
3.24414e-02
3.26344e-02
3.28125e-02
3.26707e-02
3.26638e-02
3.29996e-02
3.25192e-02
3.26894e-02
3.28943e-02
3.26240e-02
3.28594e-02
3.30227e-02
3.30777e-02
3.30265e-02
3.30007e-02
3.32814e-02
3.32828e-02
3.32571e-02
3.32874e-02
3.33566e-02
3.33026e-02
3.33518e-02
3.34008e-02
3.34952e-02
3.36981e-02
3.35936e-02
3.40651e-02
3.38798e-02
3.37961e-02
3.41530e-02
3.40999e-02
3.43173e-02
3.43014e-02
3.42098e-02
3.42896e-02
3.44294e-02
3.45695e-02
3.45226e-02
3.46263e-02
3.47283e-02
3.49509e-02
3.50659e-02
3.49684e-02
3.51349e-02
3.50373e-02
3.51140e-02
3.51822e-02
3.51573e-02
3.53450e-02
3.56216e-02
3.55878e-02
3.56318e-02
3.55275e-02
3.58213e-02
3.58401e-02
3.59945e-02
3.61078e-02
3.60574e-02
3.61781e-02
3.64593e-02
3.64610e-02
3.64653e-02
3.63273e-02
3.67815e-02
3.66007e-02
3.67131e-02
3.68467e-02
3.69689e-02
3.67467e-02
3.65941e-02
3.66359e-02
3.71724e-02
3.68634e-02
3.68801e-02
3.70710e-02
3.71500e-02
3.71918e-02
3.73113e-02
3.71504e-02
3.71275e-02
3.71619e-02
3.74215e-02
3.71761e-02
3.71573e-02
3.70690e-02
3.70005e-02
3.71002e-02
3.71182e-02
3.71978e-02
3.70813e-02
3.70115e-02
3.72887e-02
3.70260e-02
3.69545e-02
3.71448e-02
3.71635e-02
3.69763e-02
3.71282e-02
3.70870e-02
3.67319e-02
3.67938e-02
3.71027e-02
3.72147e-02
3.68025e-02
3.70185e-02
3.68874e-02
3.67692e-02
3.65091e-02
3.64192e-02
3.65487e-02
3.65622e-02
3.64757e-02
3.63916e-02
3.63075e-02
3.65844e-02
3.64456e-02
3.61519e-02
3.59188e-02
3.60475e-02
3.58967e-02
3.58863e-02
3.58667e-02
3.58897e-02
3.58594e-02
3.56718e-02
3.54509e-02
3.56221e-02
3.57526e-02
3.53322e-02
3.52108e-02
3.50508e-02
3.49783e-02
3.47525e-02
3.47730e-02
3.46545e-02
3.44159e-02
3.44542e-02
3.44494e-02
3.43169e-02
3.44064e-02
3.42237e-02
3.41068e-02
3.42359e-02
3.37450e-02
3.40079e-02
3.37228e-02
3.36760e-02
3.34869e-02
3.35221e-02
3.34032e-02
3.33397e-02
3.33213e-02
3.29651e-02
3.29980e-02
3.30850e-02
3.27827e-02
3.27007e-02
3.29746e-02
3.28284e-02
3.26769e-02
3.26109e-02
3.23859e-02
3.22312e-02
3.23609e-02
3.23634e-02
3.22205e-02
3.21405e-02
3.20758e-02
3.19540e-02
3.18744e-02
3.16429e-02
3.18496e-02
3.19366e-02
3.16452e-02
3.16534e-02
3.16034e-02
3.18258e-02
3.16141e-02
3.16215e-02
3.13409e-02
3.12248e-02
3.13438e-02
3.14143e-02
3.12750e-02
3.12822e-02
3.11870e-02
3.11522e-02
3.11550e-02
3.12433e-02
3.09715e-02
3.13975e-02
3.12548e-02
3.12060e-02
3.11310e-02
3.14091e-02
3.11132e-02
3.11179e-02
3.14220e-02
3.10666e-02
3.12174e-02
3.12888e-02
3.11531e-02
3.13425e-02
3.13698e-02
3.12485e-02
3.12273e-02
3.12967e-02
3.12560e-02
3.13761e-02
3.13059e-02
3.15134e-02
3.16655e-02
3.16356e-02
3.15285e-02
3.18487e-02
3.18530e-02
3.17508e-02
3.17675e-02
3.20591e-02
3.20046e-02
3.20772e-02
3.20813e-02
3.20513e-02
3.22482e-02
3.22370e-02
3.23318e-02
3.25724e-02
3.25122e-02
3.26950e-02
3.27547e-02
3.29077e-02
3.28397e-02
3.28542e-02
3.27979e-02
3.27498e-02
3.28511e-02
3.30442e-02
3.31464e-02
3.32859e-02
3.34429e-02
3.33671e-02
3.34723e-02
3.36245e-02
3.36723e-02
3.36281e-02
3.38163e-02
3.39005e-02
3.40795e-02
3.42931e-02
3.40741e-02
3.42826e-02
3.43275e-02
3.42929e-02
3.47168e-02
3.48295e-02
3.46700e-02
3.45252e-02
3.48926e-02
3.48214e-02
3.50865e-02
3.50526e-02
3.49894e-02
3.48770e-02
3.50412e-02
3.51666e-02
3.55804e-02
3.56059e-02
3.56136e-02
3.58039e-02
3.55555e-02
3.54712e-02
3.55764e-02
3.57049e-02
3.56268e-02
3.56173e-02
3.58445e-02
3.56867e-02
3.58217e-02
3.59686e-02
3.61823e-02
3.62044e-02
3.65585e-02
3.60761e-02
3.61411e-02
3.58251e-02
3.60633e-02
3.60667e-02
3.62377e-02
3.60447e-02
3.59517e-02
3.59834e-02
3.61767e-02
3.61940e-02
3.61662e-02
3.59560e-02
3.58985e-02
3.63009e-02
3.63070e-02
3.60531e-02
3.58028e-02
3.59385e-02
3.59446e-02
3.58438e-02
3.59086e-02
3.56808e-02
3.55557e-02
3.55895e-02
3.54335e-02
3.56984e-02
3.56016e-02
3.54719e-02
3.53972e-02
3.53336e-02
3.53181e-02
3.51256e-02
3.50769e-02
3.52183e-02
3.52807e-02
3.48669e-02
3.50557e-02
3.48736e-02
3.46557e-02
3.46284e-02
3.46767e-02
3.46202e-02
3.48751e-02
3.42900e-02
3.40907e-02
3.42165e-02
3.42383e-02
3.39110e-02
3.37514e-02
3.37933e-02
3.38368e-02
3.38292e-02
3.41214e-02
3.39022e-02
3.37151e-02
3.35173e-02
3.35159e-02
3.33843e-02
3.32876e-02
3.33297e-02
3.32496e-02
3.31683e-02
3.29216e-02
3.25092e-02
3.24631e-02
3.22997e-02
3.23368e-02
3.24277e-02
3.22829e-02
3.22858e-02
3.20931e-02
3.19688e-02
3.18274e-02
3.18964e-02
3.17568e-02
3.17967e-02
3.18018e-02
3.15342e-02
3.13434e-02
3.14726e-02
3.15280e-02
3.12856e-02
3.14017e-02
3.11505e-02
3.09334e-02
3.08320e-02
3.08846e-02
3.10267e-02
3.08190e-02
3.11739e-02
3.06508e-02
3.06776e-02
3.05055e-02
3.08804e-02
3.05885e-02
3.05035e-02
3.08166e-02
3.05233e-02
3.04618e-02
3.04221e-02
3.04215e-02
3.05077e-02
3.04528e-02
3.04661e-02
3.02606e-02
3.04915e-02
3.03433e-02
3.04449e-02
3.01902e-02
3.04988e-02
3.02965e-02
3.06098e-02
3.02597e-02
3.04779e-02
3.03079e-02
3.02012e-02
3.03630e-02
3.02689e-02
3.03164e-02
3.03210e-02
3.03998e-02
3.04812e-02
3.05132e-02
3.04744e-02
3.05079e-02
3.03962e-02
3.05699e-02
3.05811e-02
3.05703e-02
3.05849e-02
3.07340e-02
3.08069e-02
3.10252e-02
3.07781e-02
3.09156e-02
3.09830e-02
3.09672e-02
3.12777e-02
3.11966e-02
3.12127e-02
3.12583e-02
3.13959e-02
3.13808e-02
3.13673e-02
3.15386e-02
3.17076e-02
3.17203e-02
3.18779e-02
3.17950e-02
3.21327e-02
3.20979e-02
3.22382e-02
3.23945e-02
3.23125e-02
3.24488e-02
3.22745e-02
3.26723e-02
3.27776e-02
3.27645e-02
3.25739e-02
3.28707e-02
3.27782e-02
3.31258e-02
3.31806e-02
3.31389e-02
3.32636e-02
3.35756e-02
3.35465e-02
3.34838e-02
3.34018e-02
3.37385e-02
3.38113e-02
3.40565e-02
3.39405e-02
3.37643e-02
3.38360e-02
3.42419e-02
3.44303e-02
3.44280e-02
3.43960e-02
3.42855e-02
3.42895e-02
3.45128e-02
3.44770e-02
3.46158e-02
3.48124e-02
3.45728e-02
3.46508e-02
3.47963e-02
3.48300e-02
3.48988e-02
3.50603e-02
3.50513e-02
3.50273e-02
3.49104e-02
3.50237e-02
3.50871e-02
3.53527e-02
3.53624e-02
3.51930e-02
3.52162e-02
3.52074e-02
3.55033e-02
3.54226e-02
3.52506e-02
3.53880e-02
3.52077e-02
3.50428e-02
3.51685e-02
3.51218e-02
